>MA0004.1 Arnt
4	19	0	0	0	0
16	0	20	0	0	0
0	1	0	20	0	20
0	0	0	0	20	0
>MA0006.1 Arnt::Ahr
3	0	0	0	0	0
8	0	23	0	0	0
2	23	0	23	0	24
11	1	1	1	24	0
>MA0009.1 T
2	1	40	0	0	0	0	0	1	40	31
28	1	0	0	0	0	0	2	7	0	5
8	0	0	40	40	0	40	0	28	0	0
2	38	0	0	0	40	0	38	4	0	4
>MA0017.1 NR2F1
0	1	12	6	0	0	0	1	2	6	6	1	3	0
0	0	0	7	13	3	2	0	0	4	5	10	6	3
2	12	1	0	0	0	0	0	11	3	1	1	0	3
11	0	0	0	0	10	11	12	0	0	1	1	4	7
>MA0019.1 Ddit3::Cebpa
14	11	18	0	0	4	38	36	0	14	4	0
7	7	3	1	0	33	1	2	6	17	23	26
12	14	15	0	38	0	0	1	0	5	9	6
6	7	3	38	1	2	0	0	33	3	3	7
>MA0025.1 NFIL3
1	0	22	0	2	0	23	22	0	7	5
0	0	0	8	0	0	0	0	11	5	5
0	2	0	0	21	0	0	1	4	7	3
22	21	1	15	0	23	0	0	8	4	10
>MA0027.1 En1
4	5	3	0	4	3	3	2	1	1	1
1	2	0	0	0	0	0	1	3	4	6
2	2	7	2	3	7	0	4	3	1	1
3	1	0	8	3	0	7	3	3	4	2
>MA0028.1 ELK1
7	10	9	5	2	0	1	27	21	13
7	6	4	19	24	0	0	0	5	0
10	6	10	1	1	24	27	1	0	14
4	6	5	3	1	4	0	0	2	1
>MA0029.1 Mecom
14	20	0	27	1	27	26	0	27	0	24	23	6	15
2	1	1	0	10	0	0	0	0	3	1	0	7	6
6	2	25	0	0	0	1	27	0	0	0	4	7	3
5	4	1	0	16	0	0	0	0	24	2	0	7	3
>MA0030.1 FOXF2
1	10	17	13	3	7	0	27	27	27	0	27	16	7
10	7	4	5	11	0	0	0	0	0	25	0	4	4
7	5	2	5	8	20	0	0	0	0	0	0	2	6
9	5	4	5	0	0	27	0	0	0	2	0	5	10
>MA0031.1 FOXD1
1	0	19	20	18	1	20	7
1	0	1	0	1	18	0	2
17	0	0	0	1	0	0	3
1	20	0	0	0	1	0	8
>MA0032.1 FOXC1
4	2	4	6	7	0	0	16
4	5	4	4	3	0	0	0
5	6	3	5	2	16	0	0
3	3	5	1	4	0	16	0
>MA0033.1 FOXL1
7	10	6	13	4	21	0	22
1	4	3	4	10	0	2	1
4	2	6	4	2	2	0	0
11	7	8	2	7	0	21	0
>MA0038.1 Gfi1
9	28	53	53	1	1	31	8	19	7
20	16	0	0	0	52	7	28	11	13
9	7	0	0	1	0	2	11	2	28
15	2	0	0	51	0	13	6	21	5
>MA0040.1 Foxq1
4	13	5	3	0	0	0	0	17	0	6
4	1	2	0	0	0	0	0	0	1	0
3	3	0	0	18	0	0	0	1	4	3
7	1	11	15	0	18	18	18	0	13	9
>MA0041.1 Foxd3
11	30	24	1	12	0	1	5	14	6	1	0
3	2	1	4	0	0	0	0	0	7	2	12
26	0	0	0	34	0	0	10	21	0	4	0
7	15	22	42	1	47	46	32	12	34	40	35
>MA0042.1 FOXI1
6	4	11	0	13	0	0	0	15	0	8	2
1	8	4	0	0	0	0	0	0	0	1	1
14	12	8	0	18	0	0	0	16	7	4	4
10	7	8	31	0	31	31	31	0	24	18	24
>MA0043.1 HLF
1	6	1	0	13	0	6	0	13	15	2	5
4	0	0	0	1	15	0	9	4	0	3	5
8	12	0	3	2	1	12	0	1	1	1	3
5	0	17	15	2	2	0	9	0	2	12	5
>MA0046.1 HNF1A
5	1	1	1	20	16	1	8	14	2	0	13	8	5
0	0	0	0	0	2	0	2	0	0	4	1	8	13
14	20	0	0	0	1	0	4	1	0	0	3	3	0
2	0	20	20	1	2	20	7	6	19	17	4	2	3
>MA0048.1 NHLH1
13	13	3	1	54	1	1	1	0	3	2	5
13	39	5	53	0	1	50	1	0	37	0	17
17	2	37	0	0	52	3	0	53	8	37	12
11	0	9	0	0	0	0	52	1	6	15	20
>MA0051.1 IRF2
0	2	12	11	12	2	0	0	12	12	12	0	0	5	6	6	5	3
4	0	0	0	0	0	6	0	0	0	0	6	7	2	0	1	2	6
7	10	0	0	0	10	0	12	0	0	0	6	2	3	2	1	1	1
1	0	0	1	0	0	6	0	0	0	0	0	3	2	4	4	4	2
>MA0056.1 MZF1_1-4
3	0	2	0	0	18
5	0	0	0	0	0
4	19	18	19	20	2
8	1	0	1	0	0
>MA0057.1 MZF1_5-13
1	2	15	0	0	0	0	3	10	8
4	0	1	0	0	2	0	1	0	2
7	7	0	11	15	14	14	8	4	4
4	7	0	5	1	0	2	4	2	2
>MA0059.1 MYC::MAX
7	15	2	1	21	0	1	0	0	1	3
1	1	9	20	0	20	0	1	0	1	5
9	4	9	0	0	0	20	0	21	18	0
4	1	1	0	0	1	0	20	0	1	13
>MA0063.1 Nkx2-5
7	0	17	17	0	4	2
0	4	0	0	0	2	1
1	0	0	0	7	0	11
9	13	0	0	10	11	3
>MA0066.1 PPARG
3	3	19	0	1	0	2	26	5	5	4	1	2	22	1	0	3	22	5	7
8	0	0	1	0	1	23	1	15	7	2	0	5	5	27	25	12	5	12	0
14	0	9	27	26	4	3	0	4	10	18	2	20	0	0	0	0	0	6	1
3	25	0	0	1	23	0	1	4	6	4	25	1	1	0	3	13	1	5	20
>MA0067.1 Pax2
10	7	3	0	26	2	2	1
7	1	2	28	1	17	0	11
5	21	0	1	3	1	19	11
9	2	26	2	1	11	10	8
>MA0068.1 Pax4
7	20	16	11	13	11	6	9	5	5	6	7	8	6	10	4	3	7	4	9	5	5	7	6	3	7	3	1	6	3
2	0	2	1	1	3	1	1	3	11	11	7	7	5	5	8	6	8	9	6	7	6	11	9	12	9	12	11	11	13
11	1	1	1	3	1	2	1	6	1	4	5	2	1	4	4	4	3	3	2	5	2	0	1	2	2	2	3	1	2
1	0	2	8	4	6	12	10	7	4	0	2	4	9	2	5	8	3	5	4	4	8	3	5	4	3	4	6	3	3
>MA0069.1 Pax6
2	2	4	39	3	1	1	21	1	2	36	11	1	1
4	2	26	2	34	0	37	2	4	14	0	11	5	0
4	0	1	1	1	41	4	2	1	25	6	13	3	17
33	39	12	1	5	1	1	18	37	2	1	8	34	25
>MA0070.1 PBX1
5	3	16	1	0	17	17	0	0	16	12	8
6	9	1	1	18	1	0	0	18	1	0	2
2	3	1	0	0	0	0	1	0	0	1	2
5	3	0	16	0	0	1	17	0	1	5	6
>MA0071.1 RORA_1
15	9	6	11	21	0	0	0	0	25
1	1	12	2	0	0	0	0	25	0
2	0	4	5	4	25	25	0	0	0
7	15	3	7	0	0	0	25	0	0
>MA0072.1 RORA_2
9	17	15	35	23	2	0	28	0	0	0	0	36	15
8	2	0	1	0	12	0	0	0	0	0	36	0	6
8	7	3	0	0	13	0	8	36	36	0	0	0	10
11	10	18	0	13	9	36	0	0	0	36	0	0	5
>MA0073.1 RREB1
3	1	3	0	7	9	8	4	0	11	4	1	3	4	2	4	4	4	1	4
8	10	8	11	4	2	3	6	11	0	7	10	8	6	9	5	5	6	7	4
0	0	0	0	0	0	0	0	0	0	0	0	0	1	0	0	1	0	3	2
0	0	0	0	0	0	0	1	0	0	0	0	0	0	0	2	1	1	0	1
>MA0074.1 RXRA::VDR
3	0	0	0	0	9	4	2	2	5	0	0	1	0	7
0	0	0	0	9	0	2	4	0	0	0	0	0	9	1
7	10	9	0	0	1	0	2	8	5	10	0	0	0	2
0	0	1	10	1	0	4	2	0	0	0	10	9	1	0
>MA0075.1 Prrx2
52	59	0	0	58
2	0	0	0	0
4	0	1	0	1
1	0	58	59	0
>MA0077.1 SOX9
3	8	71	2	7	2	13	9	14
55	38	1	1	0	2	0	7	31
9	6	0	2	4	72	4	6	7
9	24	4	71	65	0	59	54	24
>MA0078.1 Sox17
7	8	3	30	0	0	0	0	0
9	8	18	0	1	0	0	0	17
6	4	1	0	0	0	31	2	10
9	11	9	1	30	31	0	29	4
>MA0081.1 SPIB
31	4	24	2	1	48	47
0	14	16	0	0	0	0
0	29	7	47	47	0	0
18	2	2	0	1	1	2
>MA0084.1 SRY
5	8	15	18	25	0	28	27	7
5	3	0	3	0	26	0	0	0
10	4	3	3	0	0	0	1	2
8	13	10	4	3	2	0	0	19
>MA0087.1 Sox5
23	0	0	1	0	1	8
0	0	0	0	1	1	3
0	1	0	22	0	0	4
0	22	23	0	22	21	8
>MA0088.1 ZNF143
0	6	2	0	2	1	0	0	9	0	4	6	0	0	0	4	3	2	1	3
3	2	3	3	1	7	10	10	1	1	4	2	0	1	10	5	1	3	1	6
4	1	1	2	0	0	0	0	0	4	2	2	1	6	0	0	1	0	7	1
3	1	4	5	7	2	0	0	0	5	0	0	9	3	0	1	5	5	1	0
>MA0089.1 NFE2L1::MafG
7	29	0	1	34	0
11	2	0	0	0	26
10	3	0	32	0	2
6	0	34	1	0	6
>MA0090.1 TEAD1
1	9	0	12	0	0	0	0	5	1	2	0
6	0	12	0	0	0	12	11	0	7	4	2
1	3	0	0	0	0	0	0	0	4	3	8
4	0	0	0	12	12	0	1	7	0	3	2
>MA0091.1 TAL1::TCF3
13	9	39	20	0	44	0	12	0	0	0	4
14	10	0	24	43	0	1	32	0	0	3	4
8	20	3	0	1	0	11	0	0	43	20	2
9	5	2	0	0	0	32	0	44	1	21	34
>MA0092.1 Hand1::Tcfe2a
4	10	2	0	0	0	0	9	16	5
8	0	2	28	0	0	3	14	0	4
10	15	1	0	0	29	25	1	3	4
7	4	24	1	29	0	1	5	10	16
>MA0101.1 REL
0	0	1	5	6	5	1	2	0	1
5	1	0	1	5	1	0	0	15	16
8	15	15	9	3	1	0	0	0	0
4	1	1	2	3	10	16	15	2	0
>MA0107.1 RELA
0	0	0	11	10	2	0	0	0	0
4	0	0	0	3	0	0	2	18	18
11	17	18	7	4	0	0	0	0	0
3	1	0	0	1	16	18	16	0	0
>MA0108.2 TBP
61	16	352	3	354	268	360	222	155	56	83	82	82	68	77
145	46	0	10	0	0	3	2	44	135	147	127	118	107	101
152	18	2	2	5	0	20	44	157	150	128	128	128	139	140
31	309	35	374	30	121	6	121	33	48	31	52	61	75	71
>MA0109.1 Hltf
16	20	26	0	25	0	24	0	15	12
10	12	33	59	0	0	5	0	14	12
12	5	0	0	0	0	12	22	14	10
13	16	0	0	34	59	18	37	8	15
>MA0111.1 Spz1
9	0	2	0	1	8	6	1	10	0	2
0	2	0	0	0	0	0	9	0	1	8
3	9	10	11	1	0	2	2	2	9	2
0	1	0	1	10	4	4	0	0	2	0
>MA0115.1 NR1H2::RXRA
17	17	20	0	0	0	0	25	24	25	0	0	0	0	25	20	0
5	1	0	0	0	0	25	0	0	0	0	0	0	25	0	1	15
0	5	5	25	24	0	0	0	0	0	25	25	0	0	0	2	6
3	2	0	0	1	25	0	0	1	0	0	0	25	0	0	2	4
>MA0116.1 Zfp423
7	0	16	17	0	0	1	24	13	0	0	0	0	0	11
4	16	17	16	33	33	17	0	0	0	0	0	0	8	22
22	17	0	0	0	0	0	0	16	33	33	17	16	16	0
0	0	0	0	0	0	15	9	4	0	0	16	17	9	0
>MA0117.1 Mafb
0	1	0	1	12	3	3	2
0	12	3	0	2	8	1	5
15	1	1	12	0	1	7	5
0	1	11	2	1	3	4	3
>MA0119.1 TLX1::NFIC
0	0	0	0	14	2	2	7	4	0	0	0	16	14
0	0	0	16	1	8	8	1	3	0	16	16	0	0
0	16	16	0	0	5	4	5	2	16	0	0	0	1
16	0	0	0	1	1	2	3	7	0	0	0	0	1
>MA0122.1 Nkx3-2
4	1	13	24	0	0	6	4	9
7	4	1	0	0	0	0	6	7
4	5	7	0	24	0	18	12	5
9	14	3	0	0	24	0	2	3
>MA0124.1 NKX3-1
13	0	20	0	1	1	19
1	1	0	19	0	0	0
3	0	0	0	0	0	1
3	19	0	1	19	19	0
>MA0125.1 Nobox
0	36	38	1	2	15	4	2
1	0	0	1	0	0	12	13
0	0	0	2	4	22	18	6
37	2	0	34	32	1	4	17
>MA0130.1 ZNF354C
7	3	0	0	16	0
6	2	16	16	0	15
3	0	0	0	0	1
0	11	0	0	0	0
>MA0131.1 HINFP
2	13	20	2	0	0	0	0	0	2
6	1	0	17	0	1	19	18	0	13
5	0	0	1	19	0	0	2	19	1
7	6	0	0	1	19	1	0	1	4
>MA0132.1 Pdx1
1	0	31	31	0	1
19	0	0	0	0	1
5	0	0	0	1	10
6	31	0	0	30	19
>MA0133.1 BRCA1
15	4	41	36	7	19	3
11	35	1	2	29	14	22
10	2	1	4	6	7	15
7	2	0	1	1	3	3
>MA0135.1 Lhx3
9	16	19	0	0	19	20	2	0	16	9	2	2
0	2	0	0	0	0	0	2	1	1	0	8	9
3	2	0	0	0	0	0	0	0	0	3	0	3
8	0	1	20	20	1	0	16	19	3	8	10	6
>MA0136.1 ELF5
12	29	2	14	0	0	0	4	4
9	3	20	0	1	44	44	3	8
3	7	5	1	0	0	0	11	11
20	5	17	29	43	0	0	26	21
>MA0139.1 CTCF
87	167	281	56	8	744	40	107	851	5	333	54	12	56	104	372	82	117	402
291	145	49	800	903	13	528	433	11	0	3	12	0	8	733	13	482	322	181
76	414	449	21	0	65	334	48	32	903	566	504	890	775	5	507	307	73	266
459	187	134	36	2	91	11	324	18	3	9	341	8	71	67	17	37	396	59
>MA0142.1 Pou5f1::Sox2
63	579	11	47	118	415	206	1235	17	10	14	1050	887	1200	198
846	58	50	12	363	18	365	30	5	16	1029	16	68	33	119
66	28	36	79	825	29	186	24	15	1239	129	30	315	75	207
389	701	1270	1231	63	907	612	80	1332	104	196	269	92	53	837
>MA0149.1 EWSR1-FLI1
0	2	104	104	1	2	103	102	0	0	99	105	0	0	100	102	5	3
0	0	0	0	0	0	0	0	0	2	4	0	0	2	3	0	0	3
105	103	1	1	104	102	2	3	104	103	2	0	105	103	0	2	97	97
0	0	0	0	0	1	0	0	1	0	0	0	0	0	2	1	3	2
>MA0062.2 GABPA
32	70	0	0	991	989	94	56	154	264	233
768	914	0	0	1	2	32	261	137	262	357
188	4	990	991	1	0	866	37	603	415	224
1	1	1	0	0	2	0	637	96	49	176
>MA0039.2 Klf4
1468	88	14	14	277	22	42	264	123	254
81	9	13	36	1922	15	80	46	130	2858
1022	4237	4304	4281	11	4273	2179	3902	3789	280
1765	6	13	16	2139	34	2042	125	289	932
>MA0138.2 REST
211	58	76	1452	34	122	1575	3	35	913	219	39	20	1406	13	1574	42	205	366	213	179
174	269	1366	30	44	978	7	1586	1481	201	375	7	5	112	1280	9	13	1007	31	933	1114
366	146	50	94	1516	323	12	12	20	162	124	1551	1577	34	233	7	1530	183	688	319	37
840	1124	105	26	10	182	12	5	70	329	886	7	2	51	74	10	9	198	507	125	260
>MA0002.2 RUNX1
287	234	123	57	0	87	0	17	10	131	500
496	485	1072	0	75	127	0	42	400	463	158
696	467	149	7	1872	70	1987	1848	251	81	289
521	814	656	1936	53	1716	13	93	1339	1325	1053
>MA0047.2 Foxa2
1	221	1	1	1	736	2	338	50	417	131	129
1	3	1	3	1	4	725	77	265	6	53	195
1	582	1	36	175	67	2	3	58	24	482	290
805	3	806	769	634	3	81	391	436	360	140	189
>MA0112.2 ESR1
122	107	64	83	134	308	36	19	33	4	398	58	63	64	32	21	305	10	59	26
120	80	173	229	232	28	8	18	41	394	13	250	276	258	19	22	106	436	353	165
154	164	149	65	47	89	387	420	91	53	27	107	53	97	8	426	31	12	2	22
71	117	82	93	57	48	43	18	310	24	37	60	83	56	416	6	33	17	61	262
>MA0065.2 PPARG::RXRA
94	101	390	100	139	145	71	819	522	713	82	41	22	54	676
317	166	23	3	15	129	547	21	48	5	2	9	99	555	58
320	127	368	671	674	395	179	15	270	137	767	693	263	144	47
126	464	79	87	34	193	66	8	23	9	12	120	479	109	81
>MA0151.1 ARID3A
27	0	1	27	27	20
0	0	9	0	0	0
0	0	0	0	0	1
0	27	17	0	0	6
>MA0152.1 NFATC2
3	1	1	0	1	0	18
1	2	1	0	25	26	3
2	2	0	0	0	0	1
20	21	24	26	0	0	4
>MA0153.1 HNF1B
0	0	8	7	0	5	3	0	0	8	9	0
3	3	1	1	0	0	0	0	0	0	0	8
0	0	0	1	0	4	1	1	0	1	0	0
6	6	0	0	9	0	5	8	9	0	0	1
>MA0155.1 INSM1
1	0	0	6	16	0	0	0	0	0	3	10
0	0	8	15	0	0	1	0	0	2	16	0
4	20	3	0	0	24	23	24	24	16	0	12
19	4	13	3	8	0	0	0	0	6	5	2
>MA0156.1 FEV
2	9	0	0	13	12	7	0
9	3	0	0	0	0	0	0
1	1	13	13	0	0	6	0
1	0	0	0	0	1	0	13
>MA0157.1 FOXO3
0	1	3	13	12	13	0	12
0	2	0	0	1	0	12	0
5	10	1	0	0	0	0	0
8	0	9	0	0	0	1	1
>MA0158.1 HOXA5
2	7	0	6	14	14	0	0
13	0	7	0	0	0	0	1
0	5	5	1	0	2	0	6
0	4	4	9	2	0	16	9
>MA0159.1 RXR::RAR_DR5
12	0	1	0	0	22	4	5	5	13	5	17	1	0	2	1	21
0	0	0	0	18	0	7	8	4	1	6	3	1	1	1	17	0
11	23	13	1	3	1	5	9	11	7	12	3	20	16	3	3	1
0	0	9	22	2	0	7	1	3	2	0	0	1	6	17	2	1
>MA0160.1 NR4A2
8	13	0	3	2	0	14	3
1	0	0	0	2	13	0	8
3	1	13	11	0	0	0	2
1	0	1	0	10	1	0	0
>MA0161.1 NFIC
358	81	81	91	1226	3298
1832	67	67	88	5364	981
176	300	6713	6643	160	1186
4546	6464	51	90	162	1447
>MA0163.1 PLAG1
0	3	0	0	0	0	4	12	11	2	0	0	0	2
0	0	0	0	14	15	10	0	5	0	0	0	0	0
18	14	18	17	4	1	1	0	2	14	18	18	16	16
0	1	0	1	0	2	3	6	0	2	0	0	2	0
>MA0164.1 Nr2e3
4	23	23	0	0	0	0
12	0	0	1	23	0	0
2	0	0	22	0	0	0
5	0	0	0	0	23	23
>MA0018.2 CREB1
0	0	11	0	1	0	2	8
1	1	0	9	0	3	7	0
1	10	0	2	10	0	1	1
9	0	0	0	0	8	1	2
>MA0099.2 JUN::FOS
0	0	16	5	3	0	16
1	0	2	12	0	15	0
0	15	0	1	1	3	1
17	3	0	0	14	0	1
>MA0259.1 HIF1A::ARNT
27	10	78	0	0	0	0	18
28	29	2	103	0	0	0	51
49	34	23	0	104	0	104	20
0	31	1	1	0	104	0	15
>MA0442.1 SOX10
0	8	0	0	0	0
19	2	1	0	3	0
0	2	4	0	19	1
3	10	17	22	0	21
>MA0141.2 Esrrb
1055	673	403	260	312	3347	3590	33	12	180	9	3478
801	832	1212	1230	2653	32	2	2	11	43	3394	21
984	1352	1212	449	630	248	60	3597	3622	243	167	128
773	767	807	1702	51	27	6	29	16	3192	85	26
>MA0145.2 Tcfcp2l1
8	285	2437	24	710	402	707	1462	2585	1612	16	253	2199	49
3768	3304	21	98	1380	1183	1630	922	286	212	3811	3324	30	118
255	22	1117	3949	103	253	616	1026	780	1263	223	12	1232	3881
40	465	507	12	1890	2246	1134	681	441	1003	34	491	612	17
>MA0146.2 Zfx
50	59	91	72	10	6	30	191	8	0	0	0	0	84
178	170	151	49	297	361	124	153	2	3	481	480	1	122
179	173	199	297	144	2	183	122	470	477	0	0	0	218
70	75	37	61	30	112	144	15	1	1	0	1	480	56
>MA0461.1 Atoh1
0	7714	0	4249	1557	0	0	0
7714	0	0	3465	0	0	0	4780
0	0	7714	0	0	7714	7714	0
0	0	0	0	6157	0	0	2934
>MA0462.1 BATF::JUN
3082	4782	4519	8258	0	0	10522	586	0	1291	10264
481	553	170	1478	0	0	0	5026	0	8590	0
5136	2889	2219	0	0	10374	0	4910	0	641	0
1823	2298	3614	786	10522	148	0	0	10522	0	258
>MA0463.1 Bcl6
191	35	5	30	0	0	446	142	941	642	615	101	189	369
171	22	80	876	819	0	86	0	0	101	7	92	494	188
245	28	30	24	0	0	404	814	11	175	213	630	116	166
349	871	841	26	137	956	20	0	4	38	121	133	157	233
>MA0464.1 Bhlhe40
1626	4869	0	15804	0	2875	0	0	3859	6629	2028
6868	524	15804	0	14493	1107	0	0	11919	4255	6293
6311	3146	0	0	0	11822	0	15804	26	345	3681
999	7265	0	0	1311	0	15804	0	0	4575	3802
>MA0465.1 CDX2
613	665	308	0	697	1597	0	1597	1597	1597	1013
319	8	136	1048	832	0	0	0	0	0	150
480	502	1153	0	0	0	0	0	0	0	313
185	422	0	549	68	0	1597	0	0	0	121
>MA0466.1 CEBPB
13006	75198	0	0	4556	0	74715	8654	60151	99494	0
10026	5868	0	0	0	99494	5478	51954	39343	0	36038
33617	18428	0	0	75531	0	10015	0	0	0	2043
42845	0	99494	99494	19407	0	9286	38886	0	0	61413
>MA0467.1 Crx
1207	1454	347	943	515	0	1632	0	0	1995	544
297	43	55	222	0	0	465	0	29	0	52
458	417	1470	823	1574	2097	0	0	0	0	1326
135	183	225	109	8	0	0	2097	2068	102	175
>MA0468.1 DUX4
7297	37001	38217	5228	0	0	35278	38217	0	0	33798
2495	0	0	11675	16478	13951	2889	0	0	37408	0
979	1216	0	2002	4981	6127	0	0	0	0	0
27446	0	0	19312	16758	18139	50	0	38217	809	4419
>MA0469.1 E2F3
0	0	0	0	0	0	0	0	365	275	196	811	109	441	305
1400	0	2549	2469	2549	0	2549	1703	1327	903	1495	329	1075	640	718
0	0	0	80	0	2240	0	607	397	742	556	512	582	200	644
1149	2549	0	0	0	309	0	239	460	629	302	274	160	645	259
>MA0470.1 E2F4
272	155	0	0	0	27	15	1803	1253	712	503
370	510	11	1878	0	218	41	0	0	349	393
848	1213	1867	0	1878	1633	1822	75	625	720	616
388	0	0	0	0	0	0	0	0	97	366
>MA0471.1 E2F6
812	442	0	672	7	0	20	2757	1686	988	771
80	406	0	1954	0	0	29	0	0	454	706
1406	1909	2757	0	2750	2757	2708	0	1071	1135	909
459	0	0	131	0	0	0	0	0	180	371
>MA0472.1 EGR2
169	337	168	387	26	448	0	152	0	1059	0	460	0	558	127
572	460	572	722	1186	0	1246	1094	1169	187	1246	0	1041	302	617
291	180	216	65	0	602	0	0	0	0	0	579	114	199	251
214	269	290	72	34	196	0	0	77	0	0	207	91	187	251
>MA0473.1 ELF1
4134	6990	7978	4086	924	8929	0	0	13518	13518	1183	1571	2634
2167	1502	1207	4589	10007	4589	0	0	0	0	0	2094	1735
5587	3563	2318	3111	2587	0	13518	13518	0	0	12335	179	8125
1630	1463	2015	1732	0	0	0	0	0	0	0	9674	1024
>MA0474.1 Erg
9430	1473	16007	0	0	16727	16580	3244	1570	4953	4558
231	10483	693	0	0	0	0	0	4038	1498	2474
5874	4736	27	16727	16727	0	0	13483	2146	8204	8042
1192	35	0	0	0	0	147	0	8973	2072	1653
>MA0475.1 FLI1
1830	295	2712	0	0	3667	3520	620	95	850	1014
205	2815	955	0	0	0	0	0	1001	300	462
1432	557	0	3667	3667	0	0	3047	300	2130	1875
200	0	0	0	0	0	147	0	2271	387	316
>MA0476.1 FOS
7879	7475	0	0	29396	998	0	0	29396	258	4006
712	10177	0	0	0	14079	0	29396	0	5823	8236
9686	10841	0	27108	0	11206	0	0	0	1538	7897
11119	903	29396	2288	0	3113	29396	0	0	21777	9257
>MA0477.1 FOSL1
1791	1568	0	0	5272	124	0	177	5272	37	1184
119	437	0	0	0	3120	0	5095	0	811	1684
2384	3109	0	5272	0	2028	0	0	0	1734	1875
978	158	5272	0	0	0	5272	0	0	2690	529
>MA0478.1 FOSL2
833	1525	2861	0	0	5075	0	0	205	5318	0
994	592	55	0	0	51	3286	0	5113	0	1399
2086	2707	2328	0	5318	192	1838	0	0	0	1933
1405	494	74	5318	0	0	194	5318	0	0	1986
>MA0479.1 FOXH1
939	1578	973	8211	7547	0	2374	1414	8211	0	7138
2840	2333	3261	0	0	0	5773	6797	0	8211	0
1490	2137	3156	0	229	0	0	0	0	0	0
2942	2163	821	0	435	8211	64	0	0	0	1073
>MA0480.1 Foxo1
468	127	87	0	0	0	0	0	1871	0	1072
277	1279	1406	0	0	0	0	0	157	2007	573
478	752	209	0	2490	0	0	287	0	0	71
1267	332	788	2490	0	2490	2490	2203	462	483	774
>MA0481.1 FOXP1
103	131	155	180	138	79	71	311	311	311	16	311	176	243	102
108	57	39	42	6	11	4	0	0	0	278	0	77	18	42
48	55	40	53	88	221	0	0	0	0	10	0	57	23	129
52	68	77	36	79	0	236	0	0	0	7	0	1	27	38
>MA0482.1 Gata4
10	0	0	0	2707	0	0	547	0	601	386
1039	2165	89	0	39	0	2746	0	1240	1004	929
374	306	0	0	0	0	0	0	940	157	682
1323	275	2657	2746	0	2746	0	2199	566	984	749
>MA0483.1 Gfi1b
1124	1761	1759	0	0	1033	61	1116	57	142	740
438	0	0	338	1761	21	1312	0	1	1328	433
104	0	2	28	0	0	388	1	1676	76	130
95	0	0	1395	0	707	0	644	27	215	458
>MA0484.1 HNF4G
3514	3259	4696	1103	1944	1511	0	9343	7889	8464	99	324	225	159	6785
1864	1531	102	201	713	2870	8827	55	82	0	6	143	4338	8377	794
2011	3830	3811	7480	3301	2279	221	54	1481	938	9098	3624	1107	85	556
2063	832	843	668	3494	2792	404	0	0	50	249	5361	3782	831	1317
>MA0485.1 Hoxc9
235	112	88	224	661	0	745	881	879	18	48	567	141
110	171	605	468	3	9	84	0	6	0	715	72	329
401	536	40	1	205	0	35	0	0	0	5	6	160
139	66	152	192	16	876	21	4	0	867	117	240	255
>MA0486.1 HSF1
25	8	3	1	4	128	0	187	186	44	39	13	8	0	6
82	26	11	222	71	7	0	24	6	63	62	16	5	218	88
56	12	8	2	6	89	225	3	15	73	67	9	4	2	18
62	179	203	0	144	1	0	11	18	45	57	187	208	5	113
>MA0488.1 JUN
8141	7116	6496	16526	0	0	20967	0	0	938	6904	20968	203
2792	2938	1903	729	0	0	0	3438	608	3531	14064	0	3704
4894	4985	9682	3713	0	20849	0	4512	20360	0	0	0	1016
5141	5929	2887	0	20968	119	1	13018	0	16499	0	0	16045
>MA0490.1 JUNB
3605	5055	8384	0	0	16992	0	0	1256	16992	736
3366	1057	582	0	0	0	9859	0	15736	0	2962
5983	8427	8026	0	16992	0	6281	0	0	0	6117
4038	2453	0	16992	0	0	852	16992	0	0	7177
>MA0491.1 JUND
12389	15163	0	0	38710	0	0	1547	38710	0	5786
759	4824	0	0	0	22857	0	37163	0	5136	14956
13640	18723	0	38710	0	14078	0	0	0	2301	12429
11922	0	38710	0	0	1775	38710	0	0	31273	5539
>MA0493.1 Klf1
150	167	67	13	404	0	400	0	0	0	280
76	40	396	461	118	526	0	526	526	508	35
202	305	32	0	0	0	97	0	0	0	0
98	14	31	52	4	0	29	0	0	18	211
>MA0494.1 Nr1h3::Rxra
0	140	738	246	58	78	358	374	794	278	77	559	900	255	117	11	135	281	237
50	30	243	971	1080	313	318	257	0	19	0	77	177	962	1040	502	508	196	290
28	1089	137	0	3	128	343	336	321	903	4	440	192	20	0	42	196	333	439
1191	10	151	52	128	750	250	302	154	69	1188	193	0	32	112	714	430	459	303
>MA0495.1 MAFF
6531	13157	12632	14736	32728	8513	998	3238	53327	387	0	48740	20032	21358	18219	14137	10417	12741
12389	29577	10615	6027	4789	16391	322	50520	0	0	53701	381	7624	3349	4014	7157	11010	10791
26849	2157	2570	21695	5877	25722	313	0	0	47337	0	746	9364	2603	1898	3512	8426	9498
7989	8867	27941	11300	10364	3132	52125	0	431	6034	57	3891	16738	26448	29627	28952	23905	20728
>MA0496.1 MAFK
17128	15239	17367	34765	10333	0	2669	60790	0	0	57894	23471	27164	20865	17282
29664	13278	9271	4862	17432	261	58121	0	0	60742	430	9775	3962	5229	9289
4539	3886	21340	8031	29271	0	0	0	55539	48	0	9853	1268	1575	2699
9459	28387	12812	13132	3754	60529	0	0	5251	0	2466	17691	28396	33121	31520
>MA0497.1 MEF2C
705	733	431	382	0	1616	1706	2107	2131	2135	56	2177	389	975	1009
321	151	196	1412	985	256	32	0	0	0	62	0	120	836	450
676	573	822	78	0	74	241	87	2	4	0	32	1671	148	126
507	752	760	337	1224	263	230	15	76	70	2091	0	29	250	624
>MA0498.1 Meis1
1341	171	121	0	0	85	0	2458	261	334	175	1059	515	472	529
122	759	2411	0	0	50	2607	0	1115	537	1472	547	802	1007	736
499	1414	3	0	2607	0	0	0	1075	263	494	145	696	536	480
645	263	72	2607	0	2472	0	149	156	1473	466	856	594	592	862
>MA0499.1 Myod1
6862	4142	0	24353	0	0	0	0	9	16	5861	1913	4129
5589	6513	24514	0	6423	24514	0	0	9087	11010	7591	11622	7657
5003	11000	0	0	18072	0	0	24514	654	2905	5945	4319	4423
7060	2859	0	161	19	0	24514	0	14764	10583	5117	6660	8305
>MA0500.1 Myog
7838	11572	0	19356	0	67	0	0	2832	5343	4069
2870	331	19356	0	0	16261	0	0	8524	3764	4770
8648	7453	0	0	19356	3028	0	19356	5881	5168	7519
0	0	0	0	0	0	19356	0	2119	5081	2998
>MA0501.1 NFE2::MAF
726	0	0	1090	16	110	80	978	8	0	931	383	361	292	211
26	0	0	0	871	1	937	0	4	1063	17	203	100	102	283
334	0	1082	0	166	12	22	51	1041	22	73	283	130	91	106
4	1090	8	0	37	967	51	61	37	5	69	221	499	605	490
>MA0502.1 NFYB
2965	2816	2821	655	674	2832	3509	0	0	7020	7003	0	413	5454	725
1580	1759	1760	2228	2076	1091	139	7020	7020	0	0	0	4780	97	943
1984	1078	1176	1089	2707	2978	2921	0	0	0	17	0	1709	1457	5136
491	1367	1263	3048	1563	119	451	0	0	0	0	7020	118	12	216
>MA0504.1 NR2C2
129	82	193	0	10	3	6	343	187	324	10	11	0	9	290
126	70	6	8	3	0	309	0	0	0	0	0	27	315	0
90	221	195	366	355	79	54	48	208	71	385	336	89	35	92
50	22	1	21	27	313	26	4	0	0	0	48	279	36	13
>MA0505.1 Nr5a2
645	985	276	122	71	8	1685	1679	39	0	169	0	1437	271	249
224	170	198	378	351	1616	14	0	0	0	584	1568	20	345	693
634	336	990	366	23	74	0	23	1663	1702	61	12	90	740	454
199	211	238	836	1257	4	3	0	0	0	888	122	155	346	306
>MA0506.1 NRF1
602	623	196	0	1514	0	0	0	0	74	2245
375	4001	189	4016	1862	403	0	4338	349	4550	804
3647	0	4239	468	935	528	4624	0	4275	0	1575
0	0	0	140	313	3693	0	286	0	0	0
>MA0507.1 POU2F2
415	530	605	2016	0	256	0	158	0	2257	0	1159	594
635	266	825	19	0	2	0	0	2271	30	2	39	361
402	593	415	1	0	0	0	1997	0	0	0	613	107
835	898	442	251	2287	2029	2287	132	16	0	2285	476	1225
>MA0508.1 PRDM1
1779	1649	3148	3486	4173	422	728	211	4603	4161	4497	159	117	1057	2042
471	298	345	439	0	0	110	0	0	0	0	142	458	498	778
1037	2331	688	442	430	4038	930	4392	0	430	39	4186	520	2239	973
1316	325	422	236	0	143	2835	0	0	12	67	116	3508	809	810
>MA0509.1 Rfx1
290	58	145	421	37	0	1254	138	604	186	287	1793	2082	0
157	222	833	433	1748	2048	402	115	0	0	1710	0	0	2138
1532	377	131	762	96	0	73	96	1534	1952	12	244	56	0
159	1481	1029	522	257	90	409	1789	0	0	129	101	0	0
>MA0510.1 RFX5
343	595	6	181	1189	0	1844	245	0	3057	3692	0	2084	956	871
1572	796	1870	3687	2171	832	1	0	2815	497	176	3868	782	361	1388
561	862	1283	0	61	0	2023	3514	408	314	0	0	0	2184	1239
1392	1615	709	0	447	3036	0	109	645	0	0	0	1002	367	370
>MA0511.1 RUNX2
99	165	151	121	124	75	9	0	15	0	0	0	42	258	126
133	119	79	172	155	392	4	1	3	0	0	132	190	8	126
443	444	426	477	245	133	11	1030	0	1062	1060	90	158	143	462
387	334	406	292	538	462	1038	31	1044	0	2	840	672	653	348
>MA0512.1 Rxra
278	4154	2623	4877	0	0	0	0	5348	1150	1640
4521	418	252	0	0	0	583	5348	0	1070	742
305	9	2473	471	5348	3882	643	0	0	2336	1569
244	767	0	0	0	1466	4122	0	0	792	1397
>MA0513.1 SMAD2::SMAD3::SMAD4
166	196	14	33	0	0	106	211	0	765	30	117	110
432	75	8	45	899	0	231	125	896	19	736	583	214
168	34	877	103	0	0	539	280	3	18	133	47	35
133	594	0	718	0	899	23	283	0	97	0	152	540
>MA0514.1 Sox3
0	0	262	0	0	0	0	0	19	42
1487	1552	0	0	0	144	0	698	853	654
330	0	0	0	0	1923	0	254	22	382
250	515	1805	2067	2067	0	2067	1115	1173	989
>MA0515.1 Sox6
4	0	161	0	0	0	0	0	4	14
139	221	0	0	0	0	0	115	112	76
50	0	0	0	0	249	0	5	0	31
56	28	88	249	249	0	249	129	133	128
>MA0516.1 SP2
160	39	52	0	0	174	0	0	0	206	115	187	226	228	203
253	811	1386	1679	1643	0	1686	1656	1108	1196	971	554	717	794	745
1028	257	1	7	0	1280	0	0	0	0	99	325	401	408	422
245	579	247	0	43	232	0	30	578	284	501	620	342	256	316
>MA0517.1 STAT2::STAT1
69	150	430	3	0	3	3	0	255	107	4	10	4	15	28
63	230	7	148	2	2	13	581	75	111	13	2	170	489	365
77	84	151	467	0	0	4	0	191	161	10	0	4	9	36
411	156	32	2	618	615	600	39	99	241	593	608	442	107	191
>MA0518.1 Stat4
211	12	26	632	307	1450	733	45	2873	2873	1573	486	632	889
1019	2	0	2229	1491	28	0	0	0	0	279	785	721	443
484	0	529	12	72	1223	2134	2828	0	0	833	685	1028	1117
1159	2859	2318	0	1003	172	6	0	0	0	188	917	492	424
>MA0519.1 Stat5a::Stat5b
6172	2073	0	0	0	263	7044	11543	0	14888	14886
2326	3596	0	1600	16341	12795	6137	0	0	93	0
4425	2901	0	0	0	0	0	4140	16507	0	1621
3584	7937	16507	14907	166	3449	3326	824	0	1526	0
>MA0520.1 Stat6
257	665	152	0	13	122	70	664	328	1153	26	1852	1849	621	345
663	328	566	0	0	1680	1204	21	534	3	0	0	0	540	490
482	372	436	0	0	0	0	219	898	416	1796	0	3	398	235
450	487	698	1852	1839	50	578	948	92	280	30	0	0	293	782
>MA0521.1 Tcf12
6170	8820	0	12895	8	184	0	0	1875	3912	2863
1585	124	12895	0	0	10822	0	0	5527	2416	3005
5123	3951	0	0	12887	1889	0	12895	3811	2925	4836
17	0	0	0	0	0	12895	0	1682	3642	2191
>MA0522.1 Tcf3
2717	8100	0	17261	0	0	0	0	0	6957	2351
8489	6433	17261	0	4101	16850	0	0	12529	4204	4115
4689	1756	0	0	12403	411	0	17261	3397	96	6625
1366	972	0	0	757	0	17261	0	1335	6004	4170
>MA0523.1 TCF7L2
1525	1808	3070	85	2795	138	155	4188	4103	4169	303	1035	1398	1782
756	840	136	1947	26	0	3304	0	15	0	37	849	1123	826
1140	1153	559	2008	0	0	729	0	70	19	3848	2008	1210	757
767	387	423	148	1367	4050	0	0	0	0	0	296	457	823
>MA0524.1 TFAP2C
4801	6477	2550	4918	421	0	0	0	1082	16442	191	0	285	4343	8905
6752	4693	4943	2009	6040	18426	14817	9317	14790	0	0	0	7908	9235	3259
2123	3347	2643	6098	11033	0	0	1237	1768	1195	18235	18426	10222	1788	2536
4750	3909	8290	5401	932	0	3609	7872	786	789	0	0	11	3060	3726
>MA0525.1 TP63
3613	2402	4027	19	6536	2926	82	896	2058	437	5045	2812	4726	0	5101	953	225	528	2379	1446
1752	1337	544	9153	1640	255	0	4400	4119	7000	2050	989	198	9632	1856	817	0	5454	4089	3775
2372	3599	3802	102	616	1263	9550	74	998	1417	208	4555	3530	0	66	695	9394	213	408	1621
1895	2294	1259	358	840	5188	0	4262	2457	778	2329	1276	1178	0	2609	7167	13	3437	2756	2790
>MA0526.1 USF2
3976	1495	0	13819	0	0	0	0	10453	0	2184
2073	4490	13819	0	4863	0	0	0	745	9929	6633
7125	1909	0	0	1370	13819	0	13819	2568	729	455
645	5925	0	0	7586	0	13819	0	53	3161	4547
>MA0527.1 ZBTB33
82	6	28	10	0	35	2	0	461	8	416	85	19	79	90
256	66	659	89	705	0	668	0	80	57	94	232	328	145	233
146	32	11	5	0	667	0	705	118	450	141	136	43	109	266
221	601	7	601	0	3	35	0	46	190	54	252	315	372	116
>MA0528.1 ZNF263
2366	4596	11118	453	1011	13919	1569	1552	8113	5132	3096	6598	4175	4106	7943	3823	3132	8305	5226	4067	7264
293	0	0	0	1738	551	844	1427	968	1543	1069	590	620	1618	950	1	0	0	219	650	907
11078	10639	2802	13819	12444	43	11252	11451	5513	7042	9471	6730	8903	9042	4780	9659	11444	5892	8923	9819	6141
1498	0	1315	963	42	722	1570	805	641	1518	1599	1317	1537	469	1562	1752	659	1038	867	699	923
>MA0007.2 AR
6277	6497	0	6462	11206	26	10426	1478	4353	3312	3241	0	2214	2656	1599
1112	0	0	1304	0	11115	0	2976	2096	3249	142	525	1262	2434	7032
3049	4709	11206	1254	0	65	107	4023	2151	3291	305	10681	671	2460	298
768	0	0	2186	0	0	673	2729	2606	1354	7518	0	7059	3656	2277
>MA0102.3 CEBPA
10351	0	0	705	0	11956	2660	12226	15318	0	5804
1332	0	0	0	15318	1274	7654	3092	0	5688	4963
3635	0	0	11304	0	1066	0	0	0	1804	890
0	15318	15318	3309	0	1022	5004	0	0	7826	3661
>MA0024.2 E2F1
259	218	144	0	0	0	0	0	1059	508	305
317	0	274	0	1059	0	337	286	0	0	269
280	628	641	1059	0	1059	722	773	0	551	485
203	213	0	0	0	0	0	0	0	0	0
>MA0154.2 EBF1
4513	0	0	886	0	9191	21366	1085	8427	0	22124
7097	10267	33855	22776	33781	22317	0	0	0	0	2891
12581	2643	0	0	0	0	0	32770	25294	33855	7215
9664	20945	0	10193	74	2347	12489	0	134	0	1625
>MA0162.2 EGR1
1098	1506	1160	1335	233	2911	0	0	0	3652	0	2368	0	3026
5728	6847	6049	10431	11574	0	12256	11852	10154	8361	11952	0	9849	5595
3083	1359	2250	0	0	6840	0	0	611	0	0	6599	1420	1913
2347	2544	2797	490	449	2505	0	404	1491	243	304	3289	987	1722
>MA0076.2 ELK4
298	391	2034	0	8	0	0	0	0	0	290
1458	1905	145	2688	0	0	3427	3427	0	501	1253
886	570	1038	16	0	0	0	0	2915	2843	668
785	561	210	723	3419	3427	0	0	512	83	1216
>MA0258.2 ESR2
5410	429	59	74	0	8098	502	2092	1808	1602	1121	3278	434	1111	834
96	0	0	147	7621	1	4202	3235	2510	975	398	2056	6469	5854	2708
2563	7170	8143	989	533	57	2738	1688	2173	533	6658	1391	363	0	606
174	644	41	7033	89	87	801	1228	1752	5133	66	1518	977	1278	4095
>MA0098.2 Ets1
431	145	263	1179	0	329	0	0	0	0	0	65	146	306	265
668	1160	993	117	1507	0	0	1868	1868	0	329	579	678	542	629
420	244	187	451	4	0	0	0	0	156	1422	62	437	309	472
349	319	425	121	357	1539	1868	0	0	1712	117	1162	607	711	502
>MA0148.3 FOXA1
4328	4659	3062	7135	70	5883	0	0	0	18252	0	9193	827	10702	4807
4827	6851	8558	4317	0	0	0	0	0	0	20556	2655	7296	1	2603
4124	4731	5314	3641	12	16125	0	1292	2859	3756	0	0	1392	63	9415
8729	5767	5074	6915	21926	0	22008	20716	19149	0	1452	10160	12493	11242	5183
>MA0035.3 Gata1
2035	506	0	0	0	17955	0	0	2166	2502	1886
4321	6406	14869	697	0	0	0	17955	0	6166	5072
2530	2792	437	0	0	0	0	0	0	6687	1598
9069	8251	2649	17258	17955	0	17955	0	15789	2600	9399
>MA0036.2 GATA2
1569	1125	1555	1051	32	9	0	51	4380	0	0	1225	104	1256
567	768	729	525	1057	3015	192	0	0	0	4380	0	1765	1185
754	1709	1220	427	765	914	0	0	0	0	0	0	1967	224
1490	778	876	2377	2526	442	4188	4329	0	4380	0	3155	544	1715
>MA0037.2 GATA3
4628	0	4628	0	4628	4628	1290	2796
0	0	0	0	0	0	0	712
0	4628	0	0	0	0	3338	1120
0	0	0	4628	0	0	0	0
>MA0114.2 HNF4A
2766	1731	837	6075	11026	117	26	178	0	864	5270	6119	1156	1870	2070
5971	720	51	1846	4425	16535	1630	2637	173	35	3745	5653	13491	6498	6450
3974	907	15810	8370	329	67	0	367	407	15741	5340	1662	352	415	3001
4057	13410	70	477	988	49	15112	13586	16188	128	2413	3334	1769	7985	5247
>MA0050.2 IRF1
316	251	173	138	735	24	12	0	0	0	913	20	16	7	11	17	513	218	145	198	166
320	284	324	430	101	792	0	31	56	1249	39	787	1	14	58	1023	245	464	186	193	331
266	251	212	148	361	506	0	0	4	0	238	345	0	5	0	28	263	291	114	99	151
460	576	653	646	165	40	1350	1331	1302	113	172	210	1345	1336	1293	294	341	389	917	872	714
>MA0058.2 MAX
12557	13557	5014	0	24565	0	19618	0	0	122
741	1112	3587	24565	0	24565	0	0	0	2889
8243	6781	12571	0	0	0	4947	0	24565	14194
3024	3115	3393	0	0	0	0	24565	0	7360
>MA0052.2 MEF2A
481	169	116	0	1272	1008	1383	1352	1390	6	1472	231	587	530	345
148	149	1179	473	68	0	0	5	0	0	0	49	632	409	449
379	625	32	0	14	119	39	0	0	0	0	1160	112	110	203
465	530	146	1000	119	346	51	116	83	1467	1	33	142	424	476
>MA0100.2 Myb
89	227	979	910	0	53	0	150	30	725
374	452	0	0	979	0	0	416	949	8
190	0	0	69	0	0	979	9	0	0
326	300	0	0	0	926	0	404	0	246
>MA0147.2 Myc
1181	0	5335	0	0	0	0	49	848	82
3650	5335	0	2295	0	0	0	2297	1087	1877
504	0	0	0	5335	0	5335	2081	556	801
0	0	0	3040	0	5335	0	908	2844	2575
>MA0104.3 Mycn
528	0	0	1403	0	168	0	0
146	1135	1403	0	1403	0	0	0
566	268	0	0	0	1235	0	1403
163	0	0	0	0	0	1403	0
>MA0150.2 Nfe2l2
166	401	118	203	488	0	0	726	20	84	65	577	10	4	623
338	78	239	247	28	0	0	0	533	20	549	3	11	699	26
109	159	275	152	205	0	711	0	118	16	46	90	698	19	31
113	88	94	124	5	726	15	0	55	606	66	56	7	4	46
>MA0105.3 NFKB1
570	55	121	3141	2228	0	0	0	0	0	1580
319	0	0	224	1204	0	55	1526	4858	5026	2395
2682	5057	4902	1635	812	0	84	0	0	0	269
1541	0	89	112	868	5112	4973	3586	254	86	868
>MA0060.2 NFYA
4708	1187	3548	1203	1826	192	237	16	222	8555	5	10	29	12	377	460	1537	4261
1515	987	2256	2973	2344	834	7384	993	1018	2	52	5	10	70	2677	3943	4176	1136
983	4580	2168	3978	313	4788	481	242	7181	150	8	5	8720	8683	15	1873	2227	2707
1562	2014	796	614	4285	2954	666	7517	347	61	8703	8748	9	3	5699	2492	828	664
>MA0014.2 PAX5
261	315	308	245	0	39	766	152	9	174	542	537	0	3	317	153	225	587	152
228	59	30	148	169	736	21	163	538	419	8	17	215	751	17	41	6	33	667
333	222	546	336	455	0	83	533	35	294	344	185	679	17	540	155	659	222	25
74	300	12	167	272	121	26	48	314	9	2	157	2	125	22	547	6	54	52
>MA0080.3 Spi1
24957	27071	38966	42251	38682	12577	45356	4801	0	63665	63715	3436	8250	3893	21911
10470	7875	3311	3103	534	8120	3209	0	0	0	0	10145	3223	12038	12028
17557	22021	13786	12032	11483	43018	14683	58914	63715	50	0	50134	3385	45501	21003
10731	6748	7652	6329	13016	0	467	0	0	0	0	0	48857	2283	8773
>MA0143.3 Sox2
0	0	669	0	0	0	0	0
1476	1476	0	0	0	0	0	419
0	0	0	0	0	1476	0	297
0	0	807	1476	1476	0	1476	760
>MA0079.3 SP1
857	0	99	0	0	1359	0	0	0	1054	652
1786	6215	6703	8734	8661	0	8734	8734	6679	6357	4969
4271	642	0	0	0	4624	0	0	0	0	734
1820	1877	1932	0	73	2751	0	0	2055	1323	2379
>MA0083.2 SRF
426	1017	515	270	477	49	0	1767	1184	2226	590	2048	1452	68	15	608	1353	1299
813	446	285	257	681	2144	2105	66	0	0	120	12	10	0	7	864	504	178
281	331	206	1000	533	0	0	23	73	16	16	51	87	2209	2255	441	230	460
757	483	1271	750	586	84	172	421	1020	35	1551	166	728	0	0	364	190	340
>MA0137.3 STAT1
366	0	0	361	109	1739	163	29	3620	3624	1879
731	52	6	3262	2009	0	0	7	0	5	311
785	0	110	6	0	1637	3466	3426	9	0	725
1747	3577	3513	0	1511	253	0	167	0	0	714
>MA0144.2 STAT3
1936	708	250	1006	840	3692	1574	2532	21620	21620	9311
8571	0	346	19585	7780	0	0	0	0	0	962
3801	0	5850	0	0	11456	20046	18686	0	0	6579
7312	20912	15174	1029	13000	6472	0	402	0	0	4768
>MA0140.2 TAL1::GATA1
1114	206	318	4955	0	0	2049	658	963	1191	1778	1038	1352	1885	1381	110	4659	160
2038	807	0	0	0	4955	63	1331	1214	1127	1130	1237	1142	1033	1237	4822	0	890
967	159	0	0	0	0	55	2214	1244	1520	990	1712	1466	820	1884	23	0	3544
836	3783	4637	0	4955	0	2788	752	1534	1117	1057	968	995	1217	453	0	296	361
>MA0003.2 TFAP2A
1387	2141	727	1517	56	0	0	62	346	3738	460	0	116	451	3146
1630	1060	1506	519	1199	5098	4762	1736	2729	236	0	0	1443	3672	690
851	792	884	985	3712	0	0	85	1715	920	4638	5098	3455	465	168
1230	1105	1981	2077	131	0	336	3215	308	204	0	0	84	510	1094
>MA0106.2 TP53
736	3	963	269	0	73	175	80	810	337	837	0	1013	178	36
0	1191	45	11	0	597	818	919	162	45	0	1226	26	43	6
469	5	29	33	1231	0	47	52	87	790	377	3	12	25	1186
26	32	194	918	0	561	191	180	172	59	17	2	180	985	3
>MA0093.2 USF1
4846	1472	43	16573	188	1605	0	0	14762	0	1821
3764	7448	16799	0	10279	595	0	0	0	13166	9926
7162	2983	0	0	932	14642	0	16842	1375	0	1113
1070	4939	0	269	5443	0	16842	0	705	3676	3982
>MA0095.2 YY1
1126	6975	6741	2506	7171	0	11	13	812	867	899	1332
4583	0	99	1117	0	12	0	0	5637	1681	875	4568
801	181	268	3282	0	0	7160	7158	38	2765	4655	391
661	15	63	266	0	7159	0	0	684	1858	742	880
>MA0103.2 ZEB1
856	0	1197	0	3555	0	0	0	0
1455	2991	333	3170	0	3555	3555	0	0
830	0	431	0	0	0	0	0	3555
414	564	1594	385	0	0	0	3555	0
>MA0591.1 Bach1::Mafk
45	14	15	66	2	0	113	0	1	5	108	0	0	98	12
14	36	41	16	1	0	0	94	0	107	1	1	114	4	42
41	46	54	32	0	107	0	20	4	2	3	113	0	6	38
14	18	4	0	111	7	1	0	109	0	2	0	0	6	22
>MA0592.1 ESRRA
17	18	200	198	0	0	6	0	197	23	70
118	174	2	0	0	0	0	205	1	108	54
11	15	6	10	203	207	22	3	10	44	40
62	1	0	0	5	1	180	0	0	33	44
>MA0593.1 FOXP2
330	340	160	59	766	766	766	0	766	297	332
113	7	0	0	0	0	0	757	0	154	124
190	142	606	0	0	0	0	0	0	293	184
133	277	0	707	0	0	0	9	0	22	126
>MA0594.1 Hoxa9
34	12	38	161	0	101	157	171	5	7	131
53	110	117	3	0	58	6	1	0	154	11
81	5	0	8	0	8	0	0	1	0	0
4	45	17	0	172	5	9	0	166	11	30
>MA0595.1 SREBF1
28	0	0	58	0	6	0	2	58	0
14	0	58	0	51	38	44	45	0	26
16	0	0	0	7	13	0	11	0	7
0	58	0	0	0	1	14	0	0	25
>MA0596.1 SREBF2
24	0	0	10	2	2	0	0	47	2
9	0	3	0	10	9	0	0	0	16
14	0	44	37	27	36	0	47	0	2
0	47	0	0	8	0	47	0	0	27
>MA0597.1 THAP1
18	15	20	7	3	58	47	30	116
93	47	0	182	195	136	17	71	34
27	12	137	0	0	1	77	41	17
61	125	42	10	1	4	58	57	32
>MA0598.1 EHF
703	0	0	0	0	0	0	0
724	1427	0	0	1427	1427	0	707
0	0	0	0	0	0	0	720
0	0	1427	1427	0	0	1427	0
>MA0599.1 KLF5
1429	0	0	3477	0	5051	0	0	0	3915
2023	11900	12008	9569	13611	0	13611	13611	13135	5595
7572	0	0	0	0	5182	0	0	0	0
2587	1711	1603	565	0	3378	0	0	476	4101
>MA0600.1 RFX2
373	62	192	431	34	1	1567	164	581	193	214	2095	2312	0	760	588	406	585	620
141	184	736	317	1936	2162	432	222	0	5	1932	8	0	2294	784	403	831	630	668
1716	317	64	910	121	7	41	94	1765	2146	0	170	28	0	539	1178	733	761	678
116	1783	1354	688	255	176	306	1866	0	2	200	73	6	52	263	177	376	370	380
>MA0113.2 NR3C1
248	70	207	401	0	385	152	234	249	108	0	47	120	0	60
0	0	94	0	465	0	136	71	107	0	0	8	162	407	150
150	370	109	36	0	14	177	81	109	19	465	0	0	0	0
67	25	55	28	0	66	0	79	0	338	0	410	183	58	255
>MAUNIPROBE0 Oct-1
433	168	253	244	212	370	732	42	608	364	
162	159	161	102	82	552	56	19	61	194	
141	130	117	59	544	25	63	5	150	157	
262	541	466	594	160	50	147	933	179	283	
>MAUNIPROBE1 Rfx3
415	45	471	88	75	491	671	29	182	286	
159	704	171	82	749	31	49	495	414	210	
192	3	349	803	35	383	244	261	201	63	
232	246	7	25	139	93	34	213	201	440	
>MAUNIPROBE2 Alx4
300	163	145	638	868	33	55	820	327	227	
209	339	384	131	51	20	84	26	167	291	
256	205	102	99	45	1	70	40	265	261	
233	291	366	130	34	944	789	113	240	220	
>MAUNIPROBE3 Vsx1
233	266	148	762	912	71	168	385	296	241	
238	258	46	91	2	92	108	89	204	258	
308	197	56	90	37	117	187	385	327	216	
219	277	749	55	47	718	536	139	171	283	
>MAUNIPROBE4 En2
271	182	107	557	737	85	128	537	271	225	
245	300	432	168	114	87	253	127	205	278	
265	261	52	106	74	4	97	122	274	264	
217	256	407	168	72	823	520	212	248	232	
>MAUNIPROBE6 Sp100
290	310	311	291	316	114	97	312	284	355	
184	140	190	197	241	753	62	220	267	195	
174	121	174	209	225	29	759	274	254	226	
350	427	323	300	216	101	80	191	192	222	
>MAUNIPROBE7 Foxj3
270	390	133	807	869	949	8	932	441	355	
190	89	117	178	87	32	753	30	194	172	
270	491	30	0	7	4	6	9	148	156	
267	28	718	13	36	13	231	27	215	315	
>MAUNIPROBE8 Cutl1
201	238	201	313	628	162	210	343	254	238	
312	263	248	108	187	276	497	292	265	265	
245	193	69	353	4	3	94	162	252	224	
240	305	480	225	180	556	198	202	228	271	
>MAUNIPROBE9 Phox2a
224	244	200	628	797	86	167	279	258	242	
266	278	118	81	27	151	197	195	234	262	
285	212	91	164	58	82	205	321	322	237	
222	264	590	125	115	679	429	203	184	257	
>MAUNIPROBE10 Sox14
537	27	45	257	192	217	243	246	246	241	
106	122	74	204	134	226	261	234	256	256	
104	46	12	469	88	212	178	208	237	251	
251	802	867	68	584	343	316	310	259	251	
>MAUNIPROBE11 Irf4
308	365	214	123	85	756	648	889	129	153	
179	192	329	505	23	72	11	36	550	355	
242	178	216	76	857	123	150	1	232	125	
268	263	239	294	33	46	189	71	88	365	
>MAUNIPROBE12 Zfp105
122	26	445	82	36	149	298	243	193	268	
119	158	86	78	55	108	111	224	226	250	
36	0	323	136	18	283	350	130	158	224	
721	814	145	702	889	458	239	401	421	257	
>MAUNIPROBE13 Sox13
265	271	296	229	273	277	118	36	12	88	
361	263	287	229	450	0	634	868	376	418	
192	240	290	313	188	630	213	59	151	163	
181	224	126	227	86	92	34	36	459	329	
>MAUNIPROBE15 Hbp1
283	303	238	178	616	680	200	167	404	331	
207	224	171	293	46	49	117	145	93	213	
231	203	141	396	86	150	49	459	327	265	
277	268	448	131	250	119	632	228	174	189	
>MAUNIPROBE17 Sox1
271	251	276	266	400	317	123	784	859	240	
233	211	192	203	167	86	297	12	16	55	
242	256	268	297	226	132	430	87	121	112	
252	280	262	231	204	463	147	115	3	591	
>MAUNIPROBE18 Msx1
295	210	183	550	804	93	176	613	288	261	
225	295	424	165	74	54	157	83	205	261	
254	278	77	131	25	1	56	139	258	253	
225	216	314	151	95	850	608	163	248	224	
>MAUNIPROBE19 Dlx5
211	282	203	662	810	115	171	313	208	236	
255	243	112	75	19	110	168	104	308	258	
294	231	88	185	77	133	216	440	278	236	
238	243	594	76	92	640	443	142	204	269	
>MAUNIPROBE20 Hoxa10
238	236	178	330	546	129	427	569	475	340	
236	238	322	354	117	102	116	111	169	213	
303	352	146	152	276	82	94	137	169	217	
222	171	352	162	59	685	360	181	185	228	
>MAUNIPROBE21 Sox7
231	241	286	480	167	161	187	230	222	247	
258	264	257	122	140	150	238	154	245	273	
227	210	154	144	105	56	546	96	233	194	
282	283	301	253	585	630	26	518	297	284	
>MAUNIPROBE22 Obox1
292	261	220	232	50	859	1	81	795	359	
198	187	178	83	19	99	7	81	23	153	
278	338	449	618	798	13	3	12	33	199	
230	211	151	65	131	27	987	825	148	288	
>MAUNIPROBE23 Six2
265	252	197	249	87	625	28	201	383	249	
217	226	248	128	13	78	21	480	196	246	
281	299	352	523	310	208	93	128	242	234	
235	221	201	98	588	88	857	189	177	269	
>MAUNIPROBE24 Osr2
370	472	133	508	30	211	882	33	37	305	
207	223	708	0	0	15	2	1	703	247	
166	135	36	488	951	80	87	951	91	176	
255	168	121	2	17	693	27	14	166	270	
>MAUNIPROBE25 Hoxb5
266	213	185	335	638	155	180	570	309	221	
222	266	351	355	87	101	183	140	217	295	
266	309	107	150	131	46	78	96	271	257	
245	209	355	158	142	696	557	191	201	225	
>MAUNIPROBE27 Isgf3g
427	486	276	156	206	668	719	828	139	190	
126	158	204	447	70	116	13	28	516	270	
207	123	213	129	633	106	106	22	212	120	
239	231	305	266	88	109	160	120	131	419	
>MAUNIPROBE28 Spdef
434	173	465	78	39	1	18	73	174	278	
118	307	63	65	916	982	79	203	233	186	
279	232	180	19	35	12	632	521	302	128	
167	286	290	836	9	3	270	201	290	406	
>MAUNIPROBE29 Eomes
245	229	51	246	551	11	791	100	156	157	
204	176	182	427	57	964	3	777	513	212	
247	205	39	230	219	2	191	87	127	77	
302	389	726	95	171	21	13	35	202	553	
>MAUNIPROBE30 Gata6
245	271	216	384	27	971	23	703	526	178	
243	242	278	223	12	5	15	41	111	300	
228	235	283	64	945	2	9	25	184	342	
282	250	221	327	15	20	952	229	177	178	
>MAUNIPROBE31 Six6
238	194	172	624	145	477	154	222	244	253	
251	255	198	150	192	307	429	308	286	269	
229	187	399	60	96	50	181	235	227	225	
280	362	230	165	566	163	233	233	241	251	
>MAUNIPROBE32 Six1
288	169	174	924	68	653	72	180	211	220	
213	210	91	65	155	273	533	371	308	288	
246	183	533	1	58	1	117	244	217	218	
251	437	200	8	717	70	275	203	262	272	
>MAUNIPROBE33 Gcm1
463	8	5	127	100	1	802	52	240	256	
91	988	991	769	179	578	47	189	294	246	
343	0	2	40	583	129	74	170	271	221	
102	2	0	63	136	290	75	587	193	275	
>MAUNIPROBE34 Hoxc4
283	278	254	168	322	697	67	90	652	304	
232	221	227	342	360	88	24	139	62	190	
244	278	275	99	158	151	36	57	91	264	
239	221	242	390	158	63	871	712	192	241	
>MAUNIPROBE35 Sox15
634	0	83	206	324	234	241	251	258	251	
58	63	2	259	68	229	264	244	250	251	
59	33	15	441	88	199	190	214	243	236	
247	902	899	91	518	336	304	289	248	261	
>MAUNIPROBE36 Irx3
291	250	159	371	112	76	57	382	316	246	
222	227	395	90	50	19	60	246	269	249	
231	236	219	225	81	823	1	61	212	214	
255	285	225	313	755	80	880	309	201	289	
>MAUNIPROBE37 Elf3
408	262	260	352	151	135	887	788	397	225	
137	273	333	389	23	18	1	2	111	200	
191	210	290	180	736	740	31	28	401	142	
263	252	115	77	88	105	78	181	88	432	
>MAUNIPROBE38 Zic2
199	193	193	68	223	88	286	109	200	198	
477	499	494	812	683	461	70	391	172	78	
151	144	98	79	47	7	566	246	310	595	
172	162	213	38	45	442	75	251	316	127	
>MAUNIPROBE40 Foxn1
246	680	265	225	149	221	308	276	265	265	
264	114	454	0	777	230	224	255	244	249	
347	92	1	711	0	295	238	204	252	242	
141	112	278	63	72	252	228	263	237	242	
>MAUNIPROBE41 Sox11
256	370	373	504	962	4	995	981	309	338	
234	218	76	151	3	872	0	10	35	73	
304	201	338	271	7	46	1	7	18	456	
204	209	211	72	26	76	2	0	636	132	
>MAUNIPROBE42 Hmx2
310	367	224	139	560	420	18	151	556	444	
223	171	302	664	16	247	18	181	74	142	
257	283	273	70	336	137	14	21	157	178	
208	177	198	125	86	194	948	645	210	234	
>MAUNIPROBE43 Lhx4
223	244	429	909	40	58	562	274	254	238	
268	146	80	1	27	88	32	229	254	238	
240	125	318	58	60	171	334	335	234	218	
268	483	171	31	871	681	69	161	256	303	
>MAUNIPROBE44 Tcf7
258	347	178	405	250	191	553	488	491	245	
251	196	312	146	181	381	115	164	128	219	
220	230	300	193	174	240	136	138	179	369	
269	225	209	255	392	187	195	208	200	165	
>MAUNIPROBE45 Hoxb9
233	143	112	350	736	48	141	392	134	207	
171	107	101	74	80	265	108	93	423	329	
168	107	67	57	81	88	380	365	210	188	
426	642	718	517	101	597	369	148	232	274	
>MAUNIPROBE46 Zfp740
323	233	148	1	2	6	5	0	30	73	
203	107	33	2	3	0	0	0	10	42	
218	461	551	934	993	993	987	999	812	757	
254	197	265	62	1	0	6	0	146	126	
>MAUNIPROBE47 Atf1
384	52	58	844	54	177	203	309	330	237	
161	11	21	1	669	27	217	274	177	232	
337	1	685	30	53	686	118	229	262	242	
115	933	235	123	222	107	460	186	228	287	
>MAUNIPROBE48 Sox18
248	624	0	34	187	212	210	259	233	251	
300	101	92	66	195	90	235	277	255	267	
114	83	3	8	536	59	192	152	198	216	
335	190	903	890	80	637	361	310	312	264	
>MAUNIPROBE49 Evx2
229	219	151	725	851	56	139	381	211	223	
272	340	76	47	48	200	206	133	290	287	
300	214	26	193	5	72	340	315	296	237	
197	225	744	33	94	671	313	169	200	252	
>MAUNIPROBE50 Bsx
336	196	154	328	651	31	0	769	287	223	
183	337	437	324	89	1	100	31	206	326	
298	268	83	233	190	18	1	81	228	234	
181	196	324	113	68	948	897	117	276	216	
>MAUNIPROBE51 Hmx1
282	335	228	115	563	506	39	159	535	409	
241	187	254	649	44	267	33	184	88	163	
274	297	308	61	299	85	11	36	166	205	
201	178	208	173	92	140	916	619	209	222	
>MAUNIPROBE52 Plagl1
284	289	19	184	0	14	71	152	231	241	
202	100	11	1	0	0	636	570	457	313	
293	368	930	808	962	966	165	147	128	205	
219	241	39	5	36	18	126	128	182	239	
>MAUNIPROBE53 Mrg1
377	163	209	54	68	106	36	626	306	274	
171	342	457	177	6	103	896	94	227	231	
253	322	156	21	869	10	24	138	185	213	
197	171	176	747	55	779	42	139	280	280	
>MAUNIPROBE54 Jundm2
191	500	0	20	907	20	158	196	451	383	
200	139	2	39	13	655	61	324	257	165	
388	300	0	740	38	134	505	91	172	186	
219	60	996	199	40	189	274	388	118	264	
>MAUNIPROBE55 Zbtb12
86	102	87	2	1	795	103	519	160	157	
23	78	3	994	173	62	55	100	261	364	
869	18	99	1	36	86	770	293	220	180	
20	800	810	1	787	55	71	85	356	298	
>MAUNIPROBE56 Barx2
221	245	157	837	856	116	149	263	205	200	
249	269	59	42	41	134	234	113	288	275	
276	199	34	79	30	139	277	438	250	190	
252	285	748	40	71	608	338	183	255	333	
>MAUNIPROBE57 Barhl2
243	150	803	899	342	152	216	214	177	213	
300	65	45	27	77	300	63	264	272	276	
187	56	44	14	131	133	583	292	178	228	
268	728	106	58	448	413	135	227	371	281	
>MAUNIPROBE58 Ascl2
332	38	857	18	115	27	10	84	150	219	
259	948	52	400	811	50	12	494	338	290	
286	1	53	404	60	2	937	138	168	273	
121	12	36	177	12	919	39	282	342	215	
>MAUNIPROBE59 Hoxa6
219	171	627	841	75	132	414	156	217	218	
194	89	35	30	134	98	59	404	314	248	
176	95	86	52	67	350	394	221	185	227	
408	643	250	74	722	419	131	217	282	306	
>MAUNIPROBE60 Tcfap2c
84	10	8	113	191	426	96	18	0	365	
526	969	700	240	370	197	1	36	777	115	
291	1	22	197	345	345	899	938	184	293	
97	19	268	447	93	29	1	6	37	226	
>MAUNIPROBE61 Rhox11
268	245	205	282	99	213	62	457	407	321	
230	270	205	384	46	1	0	106	179	211	
257	223	438	250	51	687	16	71	160	154	
242	260	150	83	802	97	920	363	252	312	
>MAUNIPROBE62 Zfp691
304	286	170	0	911	22	111	587	191	180	
201	206	223	0	25	40	534	216	485	282	
239	304	298	999	32	879	46	92	143	176	
254	202	307	0	30	56	308	104	178	359	
>MAUNIPROBE63 Obox2
372	368	355	163	46	300	284	222	204	196	
225	198	222	227	256	169	317	251	292	230	
210	244	219	419	642	48	200	246	251	254	
190	188	202	188	54	480	196	280	251	317	
>MAUNIPROBE64 Dmbx1
240	215	162	773	950	52	129	79	160	221	
255	296	42	30	14	24	668	554	309	292	
288	167	34	96	14	158	74	118	286	223	
215	320	759	99	21	763	127	246	243	262	
>MAUNIPROBE65 E2F2
298	242	21	0	1	1	114	341	365	313	
182	376	391	999	0	921	561	260	151	201	
272	267	578	0	941	50	188	153	129	171	
246	113	9	0	56	26	134	245	354	313	
>MAUNIPROBE66 Lmx1b
282	246	236	234	468	763	173	219	615	381	
233	239	236	199	96	0	83	94	7	161	
238	246	274	191	216	142	165	221	263	288	
245	267	253	374	218	94	577	464	113	169	
>MAUNIPROBE67 FOXN4
279	219	268	0	21	147	79	114	242	233	
192	242	297	1	910	0	84	521	278	250	
240	208	255	972	0	724	52	162	226	224	
287	330	178	26	67	127	783	201	252	291	
>MAUNIPROBE68 Sox30
244	267	273	288	434	817	18	976	897	175	
237	244	196	193	163	30	600	6	10	46	
262	251	235	251	268	37	92	15	90	35	
254	236	293	266	133	114	289	2	0	741	
>MAUNIPROBE69 Sox4
255	73	844	21	80	166	379	256	257	263	
140	518	76	124	109	348	204	197	247	234	
451	320	75	852	21	461	273	367	281	256	
153	87	3	1	788	23	142	178	213	246	
>MAUNIPROBE70 Lhx5
327	289	172	116	552	844	58	69	711	335	
185	195	289	370	187	42	24	152	40	184	
213	234	242	73	115	63	13	61	62	220	
273	280	295	439	144	49	903	716	184	259	
>MAUNIPROBE71 Hic1
200	381	4	143	1	19	543	415	123	185	
227	92	26	4	996	968	379	225	504	340	
301	421	1	840	1	1	12	194	141	208	
270	104	968	12	0	10	63	164	231	265	
>MAUNIPROBE72 Dlx4
273	218	151	465	681	60	57	620	266	249	
233	269	396	206	124	58	166	79	216	284	
257	306	99	151	91	3	44	112	227	247	
235	205	351	176	102	876	732	188	289	219	
>MAUNIPROBE73 Etv3
423	71	318	43	28	34	84	203	206	241	
128	409	19	2	894	918	144	246	244	241	
277	133	88	1	19	0	508	352	157	205	
170	385	573	952	57	46	262	197	391	312	
>MAUNIPROBE74 Pou3f2
271	176	190	338	720	106	283	522	280	238	
255	334	157	374	57	69	110	108	205	294	
231	183	275	163	107	78	41	127	231	233	
240	305	376	124	114	746	564	241	282	233	
>MAUNIPROBE75 Sox21
0	0	0	2	990	0	3	1	9	3	
1	2	995	0	3	5	1	3	2	989	
0	1	1	996	3	991	0	994	2	2	
997	995	1	0	2	2	994	0	985	4	
>MAUNIPROBE76 Gli2
211	122	463	111	3	424	92	215	162	353	
241	119	244	780	939	244	802	668	464	191	
342	545	267	10	32	144	43	60	165	251	
205	212	24	97	24	186	61	55	206	203	
>MAUNIPROBE77 Gata5
281	221	396	77	916	94	598	583	210	308	
221	262	215	30	0	1	94	94	270	214	
239	264	59	871	39	33	80	157	346	308	
257	251	327	19	43	870	226	163	172	169	
>MAUNIPROBE79 Hoxd10
235	203	207	335	518	95	184	328	201	254	
235	207	182	153	139	300	178	185	324	275	
204	170	144	124	148	108	339	296	235	234	
324	418	466	385	192	495	297	189	238	234	
>MAUNIPROBE80 Bbx
178	159	130	329	446	386	150	237	310	259	
345	301	310	200	235	360	282	235	237	264	
203	170	172	116	226	24	315	257	275	251	
271	368	387	353	91	227	250	270	175	225	
>MAUNIPROBE81 Lef1
124	67	124	42	92	77	847	295	116	184	
405	579	96	82	8	132	7	20	418	192	
182	174	10	56	14	684	27	39	363	131	
288	178	767	818	884	105	117	644	102	491	
>MAUNIPROBE82 Zic1
208	74	247	119	224	59	189	125	235	55	
358	898	652	460	203	493	141	79	273	122	
164	2	32	24	541	156	274	735	179	604	
268	25	68	396	29	290	393	59	311	217	
>MAUNIPROBE83 Irf5
303	418	221	161	91	798	566	936	100	153	
193	170	316	570	17	43	5	14	601	348	
263	229	186	56	861	131	204	2	208	105	
238	180	275	211	29	25	223	46	89	392	
>MAUNIPROBE84 Lhx8
245	191	127	663	855	34	46	739	298	202	
255	310	402	178	69	39	480	69	190	295	
266	292	66	69	41	5	79	61	308	262	
231	205	402	87	33	920	393	129	202	239	
>MAUNIPROBE85 Alx3
251	150	646	730	80	157	351	285	240	257	
278	122	134	80	130	184	154	217	277	224	
186	65	96	44	71	161	299	311	215	224	
283	661	121	144	716	496	194	185	266	293	
>MAUNIPROBE86 Zbtb3
206	628	27	0	20	45	498	225	223	216	
601	4	880	0	14	561	221	259	246	258	
36	327	72	0	888	233	119	232	259	269	
155	39	20	999	76	159	160	283	270	256	
>MAUNIPROBE87 Rara
218	227	16	74	860	169	34	16	152	235	
266	171	92	39	63	824	959	312	350	190	
306	332	7	872	32	0	0	77	136	242	
209	269	883	13	43	4	5	593	360	330	
>MAUNIPROBE88 Lbx2
221	241	181	705	819	132	217	459	217	224	
256	264	215	17	64	280	175	87	193	260	
289	201	109	163	0	156	259	320	421	265	
232	292	493	112	115	430	347	131	167	250	
>MAUNIPROBE89 Tcfap2a
212	103	8	0	46	124	454	273	42	85	
354	165	983	885	375	332	239	20	0	336	
92	706	1	0	182	349	227	686	954	472	
340	23	7	112	394	193	78	19	2	105	
>MAUNIPROBE90 Dlx3
217	317	152	845	944	75	163	381	192	223	
238	217	67	50	0	51	124	78	320	264	
291	204	26	96	27	95	179	413	270	227	
252	260	754	7	27	777	532	126	216	283	
>MAUNIPROBE91 Arid5a
306	254	237	186	112	319	276	285	256	226	
216	260	270	316	403	155	230	226	241	260	
275	267	254	274	354	130	221	238	249	217	
201	217	237	222	130	394	270	250	251	296	
>MAUNIPROBE92 Sox12
243	251	277	335	509	72	594	544	304	303	
248	241	199	207	119	488	87	154	175	180	
253	244	269	236	155	210	157	160	170	277	
253	262	253	220	215	228	160	139	349	238	
>MAUNIPROBE93 Dlx2
284	207	140	504	752	27	12	743	271	255	
230	289	430	183	101	26	104	27	196	288	
262	307	83	140	61	0	49	71	226	238	
221	195	345	171	84	945	833	157	305	217	
>MAUNIPROBE95 Rfxdc2
134	286	133	433	214	177	575	833	53	219	
475	272	265	112	59	487	13	55	843	307	
211	177	82	381	656	29	218	66	1	361	
178	264	518	72	69	304	193	44	102	112	
>MAUNIPROBE96 Gmeb1
240	229	214	224	498	1	18	53	323	353	
245	256	202	161	31	995	1	167	350	206	
260	239	301	187	437	0	979	128	184	249	
253	274	281	426	33	2	0	650	141	190	
>MAUNIPROBE97 Duxl
425	205	172	101	662	769	12	19	706	361	
166	294	360	438	166	128	4	856	59	181	
224	193	210	67	75	61	0	15	60	242	
183	306	256	392	95	39	982	108	172	214	
>MAUNIPROBE98 Hoxa11
244	245	177	277	441	171	441	551	507	345	
218	255	272	401	116	158	113	126	148	201	
298	341	160	143	351	112	127	150	159	213	
239	158	390	178	90	557	317	171	184	238	
>MAUNIPROBE99 Pou1f1
300	307	176	154	417	917	79	278	635	298	
214	221	322	103	405	9	4	57	70	160	
220	223	147	276	98	42	18	12	67	197	
264	247	352	465	77	30	897	650	226	343	
>MAUNIPROBE100 Pou4f3
185	196	285	768	102	247	558	427	205	285	
328	138	416	45	64	85	156	149	233	224	
205	255	121	93	49	111	79	210	219	236	
280	408	176	92	783	555	205	212	341	253	
>MAUNIPROBE101 Nkx6-3
283	306	141	561	833	78	173	475	170	204	
203	123	164	64	8	19	135	81	332	301	
227	150	76	194	61	50	304	322	301	234	
286	418	616	179	96	851	386	120	195	259	
>MAUNIPROBE102 Mtf1
112	46	177	44	66	43	133	915	402	420	
622	16	94	69	288	1	704	3	170	194	
145	871	288	852	46	910	96	46	220	188	
119	65	439	34	598	44	65	34	206	196	
>MAUNIPROBE103 Lhx6
244	168	80	798	940	11	20	864	365	183	
246	325	374	114	24	14	469	26	137	287	
262	309	30	43	18	3	55	29	317	273	
246	195	515	43	16	970	455	79	179	255	
>MAUNIPROBE104 Zic3
219	117	250	133	230	73	202	177	258	104	
337	834	627	473	246	518	169	89	255	138	
171	21	56	16	482	153	235	651	191	532	
271	26	65	376	40	255	392	81	294	225	
>MAUNIPROBE105 Myf6
393	418	65	948	133	129	99	72	166	131	
97	124	909	0	104	213	209	7	258	313	
421	184	15	1	537	359	79	867	271	212	
87	272	9	49	224	297	610	53	303	342	
>MAUNIPROBE106 Gm397
209	197	302	121	38	0	45	21	437	164	
143	166	206	95	0	0	0	803	184	343	
352	275	347	63	916	0	921	1	210	249	
294	360	142	719	44	998	32	173	167	242	
>MAUNIPROBE107 Irx6
252	225	188	295	187	163	178	335	279	233	
242	264	332	149	95	86	117	246	273	258	
247	244	227	254	130	593	49	110	237	250	
257	264	251	301	585	156	654	307	208	258	
>MAUNIPROBE108 Zfp161
174	219	342	17	79	128	49	120	415	166	
200	330	182	879	37	637	26	686	247	360	
330	281	315	11	877	44	853	100	155	143	
295	169	159	91	5	190	70	92	181	329	
>MAUNIPROBE109 Tcfap2e
196	93	0	0	8	88	494	166	1	81	
373	56	997	988	365	389	228	1	0	352	
63	838	0	0	167	345	231	830	997	485	
366	11	1	10	459	176	45	1	0	79	
>MAUNIPROBE110 Irx2
271	232	173	330	149	113	105	344	288	238	
238	249	364	114	64	46	89	260	280	255	
235	244	232	242	117	737	7	83	229	240	
255	273	229	311	668	101	797	311	201	265	
>MAUNIPROBE111 Nkx2-9
308	295	262	90	589	151	54	77	356	434	
215	221	301	559	174	758	14	364	220	141	
252	275	343	27	35	23	0	25	274	173	
223	208	92	322	200	66	930	532	149	250	
>MAUNIPROBE112 Msx3
223	254	158	659	908	44	126	319	215	228	
251	259	116	68	1	49	122	69	277	255	
275	205	77	134	46	91	149	453	303	219	
249	280	647	138	43	813	601	157	203	296	
>MAUNIPROBE113 Hoxd1
207	207	542	849	92	132	393	215	215	236	
253	155	58	2	84	227	74	273	282	240	
248	137	269	46	94	286	385	321	229	220	
291	499	129	101	729	353	146	189	271	303	
>MAUNIPROBE114 Dobox5
250	213	191	767	941	58	121	79	201	230	
238	271	42	26	18	26	670	573	332	278	
285	173	36	114	24	235	75	98	224	218	
224	341	730	91	15	679	132	247	241	272	
>MAUNIPROBE115 FOXN2
344	246	116	995	30	11	0	134	358	282	
167	225	64	3	881	0	996	249	165	235	
268	261	783	0	0	983	0	200	176	166	
219	266	35	0	87	5	2	415	299	315	
>MAUNIPROBE116 Barhl1
233	240	132	869	938	327	148	195	205	183	
250	312	50	23	14	73	299	67	271	279	
321	189	23	57	11	137	139	598	318	189	
194	258	794	49	35	460	412	138	205	348	
>MAUNIPROBE117 Hoxa13
241	121	126	266	805	72	254	429	141	233	
165	74	73	85	23	375	69	85	245	285	
216	107	42	61	93	39	371	351	416	253	
375	697	758	586	76	512	304	133	196	226	
>MAUNIPROBE118 Hoxb7
208	210	203	508	701	87	167	335	183	237	
265	206	139	76	63	193	148	112	341	276	
265	218	145	121	96	109	347	367	236	212	
260	364	511	293	137	609	336	184	238	273	
>MAUNIPROBE119 Tlx2
197	202	261	313	268	234	318	316	273	280	
286	302	238	236	206	274	205	218	233	234	
297	242	285	248	228	187	263	227	237	258	
218	252	213	201	296	303	213	236	255	227	
>MAUNIPROBE120 Irf6
299	386	197	157	93	851	481	923	90	124	
200	173	322	545	7	35	9	43	658	378	
282	289	201	72	896	80	152	7	185	136	
217	149	277	224	1	32	356	25	66	360	
>MAUNIPROBE121 Lmx1a
258	173	107	548	738	71	334	422	288	237	
229	275	328	218	104	113	183	146	241	265	
226	239	65	117	38	18	89	132	233	257	
285	310	499	115	118	796	392	298	236	239	
>MAUNIPROBE122 Klf7
323	166	0	0	97	13	40	202	165	165	
72	0	0	0	666	1	86	76	114	423	
259	831	999	998	9	974	352	546	506	175	
343	1	0	0	226	10	520	174	214	234	
>MAUNIPROBE123 Irf3
120	119	159	76	3	138	251	300	211	117	
189	40	82	121	879	463	234	110	191	363	
585	150	93	156	21	286	269	102	107	79	
104	689	664	646	95	110	244	486	489	439	
>MAUNIPROBE124 Hlxb9
268	244	165	34	13	295	396	109	280	262	
240	220	312	329	426	332	247	497	207	242	
209	298	485	205	381	332	230	103	222	293	
282	236	36	431	178	39	125	289	288	200	
>MAUNIPROBE125 Pitx3
258	220	205	102	670	7	88	731	321	215	
225	224	85	67	249	30	123	42	191	296	
288	355	641	724	33	9	24	45	276	245	
227	199	68	106	47	951	762	180	211	242	
>MAUNIPROBE126 Vax1
227	202	171	723	833	140	191	408	234	207	
261	296	82	92	44	52	128	101	288	297	
292	198	31	108	40	102	309	334	269	220	
218	302	715	76	81	704	370	156	207	274	
>MAUNIPROBE127 Cart1
246	239	147	732	909	67	155	349	297	243	
246	269	31	63	2	41	113	119	203	250	
281	186	81	124	38	91	166	359	328	236	
225	304	739	78	49	800	564	171	169	269	
>MAUNIPROBE128 Rhox6
228	123	877	906	70	288	539	281	195	222	
314	54	28	43	187	144	232	196	322	271	
162	9	82	39	129	227	105	357	263	226	
293	812	10	10	611	338	121	164	218	279	
>MAUNIPROBE129 Etv6
545	21	53	22	18	5	71	140	219	265	
74	538	13	17	934	978	129	290	237	226	
250	74	32	19	19	2	535	400	221	156	
129	364	900	940	26	12	263	169	320	351	
>MAUNIPROBE130 Sp4
162	175	69	0	446	12	61	252	349	229	
380	347	885	880	107	896	14	412	581	434	
186	72	15	0	0	0	862	9	31	104	
270	403	29	119	446	90	62	324	37	231	
>MAUNIPROBE131 Etv5
234	111	279	28	123	380	3	29	110	341	
259	391	51	5	825	388	523	331	247	150	
214	188	174	159	0	0	327	569	56	421	
292	308	494	807	50	230	145	69	585	85	
>MAUNIPROBE132 Zfp128
447	351	345	184	26	270	241	166	211	275	
136	187	201	261	785	327	243	303	285	203	
236	230	297	225	85	156	277	224	238	256	
180	230	155	329	102	245	236	306	263	264	
>MAUNIPROBE133 Hoxd8
225	220	201	470	643	100	178	288	183	231	
253	205	143	93	91	213	168	124	355	282	
246	215	166	114	116	93	345	385	226	215	
274	359	489	321	148	591	306	201	233	271	
>MAUNIPROBE134 Prop1
275	235	250	181	618	749	150	226	451	329	
247	240	258	171	38	0	78	82	81	170	
237	282	238	172	251	151	173	229	302	329	
239	240	253	474	91	99	597	461	164	170	
>MAUNIPROBE135 Hoxd13
260	156	141	240	605	102	243	378	161	263	
173	113	136	150	137	333	121	136	258	268	
207	106	40	96	144	91	338	316	367	238	
359	623	681	513	111	472	296	168	211	229	
>MAUNIPROBE136 Zbtb7b
292	326	93	381	0	0	158	31	197	325	
177	283	63	580	998	998	816	766	431	207	
280	199	611	0	0	0	0	24	131	199	
249	190	231	38	0	0	24	177	239	266	
>MAUNIPROBE137 Hoxb3
297	264	206	134	341	790	25	40	788	326	
229	225	279	352	416	62	6	101	25	171	
248	289	324	69	116	123	9	25	59	310	
224	220	189	443	125	24	958	832	126	191	
>MAUNIPROBE138 Hoxa7
261	224	177	329	638	107	288	505	355	266	
222	240	378	360	108	77	135	140	221	255	
294	348	117	138	194	9	60	129	198	255	
220	185	326	171	59	805	515	224	224	222	
>MAUNIPROBE139 Pou6f1
362	166	868	908	41	124	770	128	264	234	
176	57	10	40	27	76	65	131	267	237	
179	21	47	6	97	484	77	524	251	188	
281	754	72	45	833	314	87	215	216	339	
>MAUNIPROBE140 Gbx2
205	224	200	502	635	154	149	299	219	235	
263	294	111	135	70	117	217	126	275	242	
303	229	115	190	117	107	189	396	292	230	
227	251	572	170	176	619	443	177	212	290	
>MAUNIPROBE142 Zfp410
191	598	100	35	4	19	608	22	150	18	
128	199	41	31	2	5	90	30	5	100	
231	81	37	904	981	878	212	36	816	359	
448	120	820	28	10	96	89	911	27	521	
>MAUNIPROBE143 Nkx1-2
230	221	154	765	854	172	207	313	221	213	
262	317	60	101	11	93	155	97	265	265	
290	196	51	97	36	125	238	427	298	235	
217	265	733	35	97	608	397	161	214	285	
>MAUNIPROBE144 Zfp281
171	259	466	31	21	9	15	18	353	298	
567	428	42	931	966	972	961	954	422	361	
129	121	149	22	6	2	6	11	52	94	
131	190	341	15	5	16	16	14	171	244	
>MAUNIPROBE145 Bcl6b
178	216	210	231	235	226	231	219	210	174	
285	275	287	260	278	268	269	278	286	337	
176	202	214	231	221	211	227	214	232	215	
359	304	287	276	265	293	271	287	270	273	
>MAUNIPROBE147 Otx1
277	245	275	146	675	15	128	717	322	252	
215	279	119	76	243	22	99	33	180	267	
282	299	487	623	13	22	33	57	253	237	
224	176	117	153	67	939	738	191	243	242	
>MAUNIPROBE148 Pitx2
285	233	197	67	797	1	49	853	405	221	
202	205	50	36	164	11	70	11	143	298	
296	381	710	821	12	1	8	14	253	237	
215	178	41	75	26	984	870	120	197	242	
>MAUNIPROBE149 Foxj1
225	265	261	391	477	579	59	585	353	346	
270	245	227	252	208	113	628	40	212	192	
225	262	195	108	100	154	140	197	201	201	
278	226	315	247	214	151	171	176	232	259	
>MAUNIPROBE150 Pou3f1
277	285	304	247	536	979	78	86	365	339	
209	209	210	108	53	8	63	122	330	179	
229	263	172	87	81	10	47	397	135	313	
283	241	313	556	328	1	810	393	169	167	
>MAUNIPROBE151 Tcfe2a
242	229	13	955	3	101	6	2	81	181	
287	342	980	19	103	80	6	1	336	252	
254	338	2	11	881	814	1	988	264	287	
215	89	4	13	10	4	986	7	317	278	
>MAUNIPROBE152 Gli1
96	525	92	9	447	94	199	165	347	195	
100	215	815	953	233	807	696	463	178	266	
630	231	25	27	141	38	51	163	262	342	
173	26	66	9	176	59	53	208	211	195	
>MAUNIPROBE153 Barx1
327	235	164	320	627	42	53	739	264	207	
192	278	480	311	131	22	95	33	207	322	
290	293	101	240	141	24	20	60	286	246	
189	192	253	127	99	910	830	166	241	222	
>MAUNIPROBE154 Homez
245	235	329	134	174	162	261	268	253	225	
277	276	246	257	489	205	222	235	231	281	
128	151	98	47	92	470	215	189	197	214	
348	337	326	560	243	161	300	306	318	278	
>MAUNIPROBE155 Pax7
285	202	199	387	697	63	123	598	244	228	
234	295	362	179	62	49	98	98	218	293	
216	214	182	310	110	70	61	82	256	257	
263	287	255	122	129	816	716	220	280	221	
>MAUNIPROBE156 Pitx1
266	226	204	89	750	6	71	779	346	212	
214	215	68	50	196	18	94	29	166	292	
291	355	672	772	18	3	17	31	272	242	
227	202	53	88	34	971	815	159	214	252	
>MAUNIPROBE157 Hlx1
208	250	264	573	46	155	367	211	242	233	
242	213	181	126	159	210	191	291	273	260	
190	135	151	110	30	234	285	285	254	255	
358	400	402	189	764	398	155	211	230	250	
>MAUNIPROBE158 Foxk1
396	230	317	205	657	792	923	23	879	406	
181	242	121	87	278	109	22	691	42	184	
173	181	528	52	14	7	14	28	30	136	
248	344	32	654	49	90	39	256	46	272	
>MAUNIPROBE159 Hoxc8
252	225	174	348	575	169	328	509	384	288	
215	230	348	334	111	113	123	156	202	238	
296	371	125	159	209	100	104	155	205	255	
235	172	351	156	104	615	443	178	207	217	
>MAUNIPROBE160 Foxm1
137	303	244	373	82	105	7	8	253	151	
280	170	125	48	54	267	0	258	126	249	
277	176	188	425	770	11	36	62	509	174	
303	349	441	152	92	614	955	669	110	424	
>MAUNIPROBE161 Msx2
293	188	125	626	778	76	126	613	243	247	
226	322	494	135	102	49	154	99	227	272	
262	272	60	114	68	10	82	123	266	251	
217	216	318	122	51	864	637	163	261	228	
>MAUNIPROBE162 Six3
244	199	194	742	133	514	145	205	225	233	
246	248	167	142	182	337	424	303	283	270	
244	191	416	20	90	29	185	256	239	230	
264	360	221	94	593	118	244	234	251	265	
>MAUNIPROBE164 Gsh2
235	190	106	717	894	137	204	450	211	229	
255	310	73	103	5	67	57	70	288	288	
348	175	103	128	20	66	268	320	277	215	
161	323	715	50	79	728	469	159	222	266	
>MAUNIPROBE165 Hoxa4
282	263	142	356	660	110	94	661	328	206	
215	222	334	360	87	36	110	92	183	301	
268	279	76	139	125	30	77	74	280	262	
233	233	446	143	126	822	717	171	207	230	
>MAUNIPROBE166 Hoxd3
266	229	159	349	684	58	56	716	313	213	
229	258	344	353	94	30	128	50	190	293	
266	309	98	133	141	27	49	73	295	260	
238	203	396	163	79	883	764	159	200	233	
>MAUNIPROBE167 Six4
264	259	210	225	120	460	0	230	408	264	
218	221	227	104	24	140	2	487	196	227	
277	270	390	528	344	279	94	114	215	225	
239	249	171	141	509	120	902	167	179	283	
>MAUNIPROBE168 Dlx1
274	211	147	469	727	37	21	691	267	252	
235	277	418	194	104	39	144	44	206	290	
263	309	98	156	79	6	33	93	217	240	
226	201	335	179	88	916	800	170	308	215	
>MAUNIPROBE169 Cphx
242	125	740	137	232	255	276	314	230	211	
112	94	46	126	143	132	233	239	198	345	
94	633	21	133	212	413	327	152	175	207	
550	147	191	602	411	199	162	292	395	236	
>MAUNIPROBE170 Tgif2
291	262	104	14	912	43	781	133	192	192	
191	216	79	3	4	908	4	142	311	244	
233	210	39	981	54	6	174	519	307	188	
282	310	777	0	28	41	39	204	188	375	
>MAUNIPROBE171 Glis2
249	271	240	238	219	179	378	192	186	196	
230	238	296	263	391	550	0	379	367	350	
240	250	252	291	219	148	253	192	177	198	
279	238	210	207	169	121	367	236	269	254	
>MAUNIPROBE172 Gbx1
304	213	135	499	770	7	86	686	280	213	
221	294	431	166	88	30	127	42	203	309	
254	285	83	201	74	5	63	94	297	269	
219	207	349	133	66	956	723	176	218	207	
>MAUNIPROBE173 Hoxa2
240	213	142	747	906	71	84	517	179	241	
257	306	74	25	26	127	110	81	340	272	
308	180	42	152	2	69	372	267	254	212	
192	300	740	74	65	731	433	132	225	272	
>MAUNIPROBE174 Elf4
412	99	198	98	56	57	50	128	235	255	
126	445	1	1	807	815	125	249	187	209	
255	173	11	1	28	2	522	423	282	187	
204	281	788	898	107	124	301	198	294	348	
>MAUNIPROBE175 Dbx2
256	208	149	397	640	195	316	415	370	274	
234	277	329	256	129	125	207	149	201	238	
280	329	146	205	105	68	149	194	218	243	
227	184	374	140	124	610	326	239	209	243	
>MAUNIPROBE176 Nkx2-3
245	159	587	916	78	206	317	124	220	222	
215	279	32	10	12	50	18	306	272	258	
158	183	261	11	715	174	562	328	225	220	
381	377	118	61	193	568	101	240	280	297	
>MAUNIPROBE177 Arx
253	212	76	861	983	18	102	390	296	236	
261	317	25	43	0	19	90	90	193	272	
283	148	8	60	8	26	96	379	373	201	
201	320	889	34	7	935	710	139	136	289	
>MAUNIPROBE178 Emx2
271	271	203	163	399	711	81	3	831	265	
245	233	295	303	281	108	18	80	5	189	
265	306	275	109	127	52	14	113	42	362	
217	187	225	422	190	127	884	803	120	183	
>MAUNIPROBE179 Hoxc12
255	169	155	292	756	65	154	448	121	217	
176	100	71	67	33	382	148	104	383	309	
206	134	60	123	98	102	368	319	232	220	
361	596	712	516	110	449	329	128	262	253	
>MAUNIPROBE180 Lhx9
283	253	191	88	495	797	24	24	748	346	
229	243	371	347	269	48	8	122	21	148	
236	288	239	66	87	126	6	49	92	289	
251	215	197	497	147	27	959	803	136	216	
>MAUNIPROBE181 Hoxc6
346	363	270	285	20	285	183	244	221	211	
218	166	221	241	449	215	259	216	284	285	
239	269	202	224	371	169	232	322	257	238	
195	199	305	248	158	328	323	216	235	265	
>MAUNIPROBE182 Rax
302	154	123	651	853	16	55	849	267	187	
202	364	408	130	57	21	93	20	190	299	
268	203	94	108	50	1	62	27	319	268	
226	277	373	109	38	960	787	102	223	245	
>MAUNIPROBE183 Lhx2
284	251	174	63	553	865	4	11	803	378	
235	246	416	327	253	28	1	86	14	135	
247	307	223	36	63	91	0	26	76	286	
232	194	185	572	129	13	993	874	105	199	
>MAUNIPROBE184 Hoxc10
220	197	210	369	717	31	143	357	151	223	
231	175	134	85	27	316	139	139	369	317	
238	205	161	120	109	118	402	332	257	225	
309	422	493	424	144	532	313	170	221	232	
>MAUNIPROBE185 Etv4
514	47	260	16	0	2	5	61	164	216	
94	548	29	9	996	996	24	181	268	281	
279	111	49	6	1	0	833	651	119	242	
111	292	660	966	1	1	136	105	447	259	
>MAUNIPROBE186 Esx1
304	184	147	628	911	5	84	851	330	188	
201	319	318	95	21	8	91	3	153	293	
256	195	95	136	35	0	37	60	334	268	
236	300	438	138	31	984	786	83	181	249	
>MAUNIPROBE187 Pou3f3
226	255	161	170	320	642	214	463	372	263	
271	262	287	121	423	65	91	124	210	231	
231	224	174	476	136	127	75	133	167	229	
271	257	376	232	119	164	618	278	249	274	
>MAUNIPROBE188 Prrx1
237	243	110	767	962	26	131	363	270	234	
257	266	63	42	0	60	123	111	206	275	
290	189	20	125	24	51	133	370	365	219	
214	300	805	64	12	861	611	153	156	270	
>MAUNIPROBE189 Sox8
244	245	289	309	408	580	69	888	857	207	
247	243	208	166	183	40	481	24	25	97	
260	263	229	271	209	53	232	22	116	77	
247	248	272	253	198	325	216	63	0	616	
>MAUNIPROBE190 Tgif1
293	276	77	17	942	26	812	164	202	223	
192	200	56	0	5	939	4	145	321	237	
223	208	27	974	24	4	156	474	271	190	
290	314	838	6	27	28	26	215	204	347	
>MAUNIPROBE191 Obox5
223	264	202	545	657	169	173	135	229	244	
239	242	145	99	127	19	552	424	303	262	
275	175	60	137	56	69	137	151	229	228	
261	317	591	217	158	742	136	287	236	264	
>MAUNIPROBE192 Etv1
260	460	99	119	1	1	960	661	265	113	
249	118	679	855	0	3	8	49	121	278	
293	255	169	18	995	992	12	25	566	97	
196	166	51	7	3	1	18	263	46	511	
>MAUNIPROBE193 Otx2
273	241	263	142	659	21	139	698	313	246	
217	274	127	83	249	28	108	38	184	278	
290	309	495	620	19	40	38	65	259	242	
219	175	113	153	71	909	713	198	241	232	
>MAUNIPROBE194 Pknox1
273	250	146	55	814	50	663	162	199	205	
216	223	161	14	1	900	26	172	292	261	
242	255	103	890	141	1	244	415	304	193	
267	270	588	38	42	48	65	249	203	339	
>MAUNIPROBE195 Hoxc13
226	192	131	325	554	44	618	814	752	400	
252	415	358	367	26	60	42	13	86	201	
282	246	73	53	353	0	69	48	47	155	
238	145	437	253	65	894	269	124	112	243	
>MAUNIPROBE196 Gsc
213	267	195	211	29	387	182	21	212	270	
296	216	315	426	181	284	145	502	327	221	
219	192	82	60	502	320	651	365	194	244	
270	323	405	300	286	7	20	110	265	262	
>MAUNIPROBE197 Pknox2
329	194	252	82	82	52	65	502	279	271	
197	313	400	283	0	169	811	132	245	236	
272	292	181	33	847	0	28	184	224	220	
199	199	164	600	68	777	93	179	250	271	
>MAUNIPROBE198 Hoxd12
260	184	164	300	686	72	144	472	119	232	
185	123	89	86	70	372	150	110	371	295	
210	130	91	128	102	119	374	281	241	220	
344	560	654	485	139	436	329	135	267	251	
>MAUNIPROBE199 Nkx6-1
294	312	148	549	871	45	190	466	176	207	
193	120	167	62	0	8	141	82	330	301	
236	169	78	202	46	41	299	325	293	236	
274	397	606	184	81	904	368	125	200	254	
>MAUNIPROBE200 Isl2
235	259	231	200	557	571	207	226	239	263	
265	214	285	148	19	162	95	138	165	258	
257	307	235	127	296	85	288	311	390	261	
242	218	247	523	126	180	409	324	205	216	
>MAUNIPROBE201 Pou3f4
339	238	622	890	21	67	469	364	254	275	
197	57	27	18	34	96	290	152	217	212	
152	73	53	6	3	403	100	326	219	204	
310	630	297	84	940	432	138	157	308	307	
>MAUNIPROBE202 Osr1
301	407	156	514	16	247	819	49	38	301	
241	242	633	0	2	28	0	0	620	249	
173	159	73	484	980	125	142	945	124	194	
283	190	137	0	0	597	37	4	217	254	
>MAUNIPROBE203 Pou2f1
280	262	301	273	490	998	101	60	408	357	
205	204	244	112	84	0	74	119	312	173	
216	302	172	69	61	0	47	379	111	295	
297	230	281	544	363	0	775	441	167	173	
>MAUNIPROBE204 Tcfap2b
198	90	0	0	37	110	466	216	5	74	
375	148	998	929	368	379	229	2	0	308	
92	759	0	0	186	333	246	780	993	550	
333	1	0	69	407	175	57	0	0	66	
>MAUNIPROBE205 Dbx1
337	301	281	176	198	169	311	228	218	260	
213	223	246	314	338	358	172	287	325	208	
231	244	246	278	219	245	200	265	253	240	
217	230	225	230	243	226	314	217	203	290	
>MAUNIPROBE206 Pou2f3
241	286	271	569	850	66	66	480	324	223	
227	267	97	63	45	73	131	269	145	237	
306	184	57	70	5	38	412	85	372	257	
224	261	573	297	98	821	388	164	157	281	
>MAUNIPROBE207 Nr2f2
387	355	540	4	10	2	3	864	309	222	
230	107	8	0	0	12	906	10	309	294	
177	443	447	976	949	28	24	111	150	288	
204	94	3	17	39	956	65	14	231	195	
>MAUNIPROBE208 Nkx2-4
248	145	540	910	91	235	340	113	216	228	
184	310	37	1	25	40	32	309	267	254	
139	225	315	26	743	194	512	342	225	212	
427	319	106	62	140	529	114	234	289	304	
>MAUNIPROBE209 Nkx1-1
287	193	141	424	665	63	15	776	263	200	
228	315	456	240	119	37	88	30	183	293	
290	279	82	142	57	6	84	52	338	274	
194	211	318	192	157	893	811	140	213	231	
>MAUNIPROBE210 Obox6
310	252	216	255	86	791	10	135	712	300	
203	225	301	82	39	136	11	116	45	180	
244	284	298	574	729	21	11	19	65	205	
241	237	182	87	144	50	966	727	177	313	
>MAUNIPROBE211 FOXR1
260	146	757	775	653	96	403	301	249	230	
156	636	51	101	5	705	142	232	262	262	
331	65	69	0	162	12	235	223	239	242	
250	152	121	121	178	184	219	242	249	265	
>MAUNIPROBE213 Hmx3
271	319	238	140	517	462	67	186	469	373	
243	197	253	590	47	258	52	203	115	185	
263	285	288	72	320	102	40	49	179	209	
222	197	218	196	114	176	839	559	235	231	
>MAUNIPROBE214 Otp
271	184	178	495	717	76	59	736	325	205	
215	304	304	193	105	31	117	25	161	289	
279	208	110	140	104	8	87	97	325	246	
233	301	406	170	73	883	735	140	187	258	
>MAUNIPROBE215 Hoxd11
239	190	187	332	530	114	167	385	154	233	
228	185	168	133	118	348	138	146	343	299	
208	159	133	111	151	102	408	277	259	215	
323	464	510	422	199	434	285	191	242	252	
>MAUNIPROBE216 Hoxa3
189	111	867	963	20	118	448	208	231	217	
299	57	20	18	101	97	65	313	282	252	
166	26	77	1	53	417	352	272	211	212	
344	804	34	16	823	366	133	205	274	317	
>MAUNIPROBE217 Hmbox1
255	182	201	367	148	188	294	422	314	262	
245	363	182	149	43	99	155	132	196	234	
266	199	215	339	674	112	146	213	245	270	
231	253	401	143	133	599	404	231	242	232	
>MAUNIPROBE218 Meox1
285	276	220	116	432	766	39	30	723	303	
238	196	250	280	391	80	0	271	34	188	
243	320	341	71	96	129	8	2	113	248	
233	206	187	531	79	23	951	695	128	259	
>MAUNIPROBE219 Irx5
266	202	312	773	123	674	312	234	279	260	
241	234	87	19	698	99	229	220	233	233	
248	270	258	95	45	53	109	364	243	233	
243	292	341	111	132	171	348	180	243	273	
>MAUNIPROBE220 Spic
389	337	232	300	187	146	870	830	223	202	
146	165	228	332	38	58	3	2	252	210	
213	215	361	253	687	711	38	5	436	108	
250	281	177	112	86	83	87	161	87	478	
>MAUNIPROBE221 Zfp187
667	117	2	112	664	2	76	886	948	51	
148	99	1	64	32	777	213	20	14	32	
129	29	989	98	256	1	63	17	12	30	
53	753	6	723	46	218	646	75	24	886	
>MAUNIPROBE222 Elf2
367	282	179	263	53	30	870	755	280	186	
161	271	455	579	2	19	20	50	160	244	
220	189	260	118	935	932	27	16	482	117	
250	255	103	38	8	17	81	177	76	450	
>MAUNIPROBE223 Hdx
250	234	242	319	322	414	643	209	193	478	
243	236	250	161	277	48	0	26	440	95	
263	261	233	360	243	325	220	178	216	204	
243	267	273	158	156	211	135	585	149	221	
>MAUNIPROBE224 Hoxa1
329	302	172	76	486	865	93	111	650	327	
216	194	284	320	291	49	1	177	85	204	
229	337	337	46	166	32	7	17	105	265	
225	165	204	556	54	53	897	693	158	202	
>MAUNIPROBE225 Nkx2-2
217	247	173	494	865	102	244	331	127	230	
262	187	297	45	0	58	45	38	311	268	
237	153	220	355	15	673	177	505	305	221	
281	412	309	103	118	166	532	124	255	279	
>MAUNIPROBE226 Irx4
265	239	180	314	176	131	140	347	300	235	
235	249	339	133	76	73	105	239	263	252	
244	234	223	224	104	612	35	101	226	242	
254	275	256	327	641	182	718	311	209	268	
>MAUNIPROBE227 Lhx1
324	281	182	131	510	812	71	84	693	319	
192	206	292	378	199	49	31	175	53	205	
215	232	237	85	122	79	10	60	62	218	
268	278	286	405	168	59	885	678	190	256	
>MAUNIPROBE228 Hoxb13
230	209	143	315	519	53	561	772	662	371	
257	386	374	338	39	102	59	19	119	209	
281	251	96	77	370	1	96	60	81	177	
230	152	385	268	71	843	281	146	135	241	
>MAUNIPROBE229 Hoxc11
242	153	142	373	776	49	149	474	114	207	
172	107	80	53	28	377	87	92	383	331	
202	103	34	53	70	82	467	282	254	203	
383	635	742	519	124	490	295	150	247	258	
>MAUNIPROBE230 Shox2
282	183	150	564	838	25	82	782	292	225	
227	327	397	160	70	30	107	21	208	273	
258	206	103	110	54	1	65	55	275	281	
231	282	348	164	36	942	744	141	223	219	
>MAUNIPROBE231 Rfx4
196	65	306	134	433	271	197	503	812	26	
365	655	274	150	93	65	475	34	84	873	
262	169	150	133	442	623	49	194	60	26	
175	109	268	580	29	40	277	267	42	74	
>MAUNIPROBE232 Phox2b
227	231	193	638	766	95	168	280	256	237	
266	294	152	85	67	180	218	212	241	264	
280	209	70	148	33	76	207	295	312	244	
225	263	582	127	131	647	405	212	189	254	
>MAUNIPROBE233 Hoxc5
276	216	180	332	702	132	150	602	339	232	
221	259	322	349	68	63	150	93	197	284	
270	307	111	160	93	43	54	89	256	254	
230	216	385	157	136	760	643	214	205	228	
>MAUNIPROBE234 Gli3
208	126	472	120	3	469	67	225	158	392	
244	117	241	795	938	240	858	704	510	169	
343	548	267	0	26	121	30	34	128	255	
204	207	19	83	32	167	43	36	203	181	
>MAUNIPROBE235 Elk3
275	407	125	111	2	2	958	755	263	129	
261	142	620	860	0	1	5	44	154	296	
248	307	167	20	994	993	8	15	519	105	
214	142	86	6	2	2	27	184	62	469	
>MAUNIPROBE236 Mrg2
274	103	12	817	22	824	165	157	197	218	
195	119	21	4	936	3	140	330	248	274	
243	71	954	69	3	140	491	347	153	263	
285	705	11	108	36	31	201	164	401	243	
>MAUNIPROBE237 Hoxb8
277	281	242	186	334	687	106	328	565	374	
240	192	200	411	365	75	54	91	127	209	
238	276	372	100	135	194	16	60	115	182	
243	249	184	301	164	42	823	519	191	233	
>MAUNIPROBE238 Hoxb6
220	201	273	351	266	146	284	209	250	238	
258	238	212	206	218	259	219	274	271	279	
255	227	208	219	186	214	320	261	266	266	
266	332	305	221	328	379	175	253	211	215	
>MAUNIPROBE239 Vax2
226	212	157	748	826	134	195	403	239	211	
260	295	73	99	35	39	126	104	278	294	
287	199	26	103	41	105	310	327	272	224	
226	292	742	48	96	720	367	164	210	269	
>MAUNIPROBE240 Obox3
255	224	281	138	708	146	209	563	288	236	
226	231	153	138	85	53	144	62	193	275	
279	316	420	530	28	132	86	147	260	253	
238	227	144	191	176	668	558	226	258	234	
>MAUNIPROBE241 Evx1
222	90	860	952	45	113	451	202	206	231	
324	37	33	12	126	192	89	304	290	250	
181	5	99	1	63	327	305	281	219	240	
271	866	7	33	764	365	153	212	284	277	
>MAUNIPROBE242 Isx
268	185	159	462	756	82	142	609	271	221	
240	318	400	207	97	82	173	83	218	287	
265	231	144	146	92	1	83	110	291	270	
226	263	296	184	52	833	600	196	218	221	
>MAUNIPROBE243 Mybl1
150	0	0	244	788	169	131	189	155	210	
55	63	6	0	84	687	111	81	346	247	
745	3	474	215	29	19	675	581	236	340	
47	933	519	539	97	123	81	147	261	202	
>MAUNIPROBE244 Nkx2-6
345	308	176	29	794	75	10	33	456	518	
195	204	420	679	63	901	15	167	135	104	
274	287	327	9	24	0	0	5	314	157	
185	198	75	281	116	22	974	794	92	219	
>MAUNIPROBE245 Cdx1
247	239	96	439	742	80	477	591	531	319	
219	223	394	328	73	47	151	87	143	227	
307	394	76	75	183	21	39	108	156	209	
225	142	432	156	0	850	332	213	168	243	
>MAUNIPROBE246 Hoxb4
218	168	743	885	60	140	425	237	230	240	
272	79	54	28	136	144	77	281	276	240	
180	52	115	18	69	378	348	219	208	231	
329	699	86	67	733	335	147	262	284	287	
>MAUNIPROBE247 Dobox4
251	453	276	890	105	396	122	208	218	226	
177	48	50	66	135	504	636	408	332	282	
256	180	469	1	301	35	95	174	170	197	
313	316	202	41	458	63	146	208	278	293	
>MA0684.1 RUNX3
3952	7636	7636	3	0	2991	30	7636	7636	4131	
1515	692	331	7636	7636	76	7636	368	1015	1198	
160	2431	273	0	22	4645	96	202	1772	861	
2008	438	0	0	0	41	52	184	964	71445
>MA0855.1 RXRB
1430	1659	14	1	0	37	5823	5820	5729	1	2	1	16	5738	
342	8	1	0	2	7053	0	5	1	0	0	2	7053	13	
3156	3737	3955	3642	11	112	12	119	221	3867	3745	19	102	299	
224	3	10	492	4481	350	1	31	0	7	312	4431	184	3
>MA0856.1 RXRG
7824	14207	49	102	5	28	37922	34468	33003	9	12	2	78	36677	
3800	63	4	9	35	56980	0	14	0	1	1	17	49963	43	
21426	20865	23554	22312	126	734	76	970	1634	29532	27903	134	935	2323	
1886	20	77	3946	39123	3942	4	574	5	20	3913	37558	2999	27
>MA0690.1 TBX21
2322	4395	612	2	6	1	185	80	4395	4395	
263	30	239	17	180	0	331	126	0	441	
937	359	4395	4395	16	4395	34	4395	38	317	
872	146	398	33	4395	2	4395	364	0	1287	
>MA0638.1 CREB3
79	32	20	92	7	305	0	3	1	10	300	7	65	119	
78	78	0	207	241	0	245	0	1	245	2	115	210	50	
107	75	390	2	16	0	0	447	0	8	12	28	35	98	
50	284	129	20	7	1	0	2	376	4	6	161	59	43
>MA0840.1 Creb5
1202	3704	6	13	3704	0	151	18	917	3704	25	740	
740	227	16	6	0	3704	0	6	3704	0	1861	1466	
1066	256	0	3704	1	0	3704	0	0	0	77	372	
695	40	3704	918	10	57	0	3704	4	2	1843	1126	
>MA0617.1 Id2
278	0	999	0	0	0	0	500	
167	999	0	999	0	0	0	46	
499	0	0	0	999	0	999	273	
56	0	0	0	0	999	0	182
>MA0833.1 ATF4
210	169	639	0	19	888	2	1	40	897	888	0	414	
71	117	202	0	0	0	372	0	838	21	3	266	272	
442	409	127	7	1090	0	9	1104	16	0	1	62	101	
170	213	3	981	11	25	470	4	113	3	4	714	78	
>MA0606.1 NFAT5
371	176	0	0	89	0	0	831	124	268	
210	88	0	0	84	915	826	84	287	163	
210	88	0	0	0	0	85	0	41	248	
210	649	1000	1000	827	85	89	85	548	322
>MA0624.1 NFATC1
383	226	158	19	21	14	9	516	230	230	
134	193	60	35	29	971	967	45	262	227	
167	189	122	7	15	8	5	357	126	194	
316	392	660	939	935	7	18	83	383	349
>MA0625.1 NFATC3
421	179	117	14	3	36	8	552	173	215	
93	181	40	10	23	933	959	39	251	211	
139	168	73	5	9	1	23	342	133	173	
348	472	770	971	966	30	10	67	443	400
>MA0778.1 NFKB2
5041	101	1	8	2663	8380	5182	1173	852	256	2	8	1527	
2456	97	1	5	11	977	60	1395	11011	12673	12710	12888	3324	
2306	16291	16041	16055	13129	856	51	1077	19	1	1	3	2182	
1980	4	3	565	987	636	5970	10976	1867	44	2	23	5985
>MA0857.1 Rarb
1098	1348	1309	0	0	6	1	1618	1559	1443	1541	1	0	1	1	1563	
257	33	2	0	1	4	1316	0	11	4	0	0	1	8	1409	0	
181	239	243	1964	1941	15	9	14	3	173	30	1972	1774	4	2	3	
413	91	0	1	31	1777	8	0	84	24	0	0	272	1717	8	2
>MA0859.1 Rarg
12548	7220	3	0	20	3	8844	9169	8864	9211	1	0	6	0	9147	11044	
1655	147	0	3	35	12653	2	49	13	4	1	2	40	11730	4	4836	
11289	3074	12765	11969	64	38	15	114	618	394	13267	9298	51	67	82	2470	
1309	5	0	1826	10030	79	0	257	353	0	3	2628	9774	105	1	5566	
>CIS1 BACH2
2	10	0	0	18	2	1	2	21	2	3
11	2	0	0	6	0	0	23	0	5	11
7	13	2	25	1	24	1	1	1	3	5
2	1	24	1	1	0	24	0	0	10	1
>MA0605.1 ATF3
87	828	0	0	999	0	108	97
131	0	0	0	0	999	0	194
695	172	0	952	0	0	810	33
87	0	999	48	0	0	81	677
>MA0834.1	ATF7
3922	5130	19329	11	26	19329	20	79	25	2698	19329	82	5628	5680
6606	2440	368	4	7	8	19329	9	16	19329	2	7305	8116	4920
4161	7299	3772	43	19329	58	33	19329	77	51	49	440	2129	5892
4641	4461	41	19329	1759	12	68	4	19329	22	11	19329	3456	2839
>MA0809.1	TEAD4
221	645	434	1011	21	213	0	49	572	219
360	22	1011	12	0	0	1011	1011	82	289
215	366	34	21	0	16	19	1	226	199
215	30	18	26	1011	1011	27	348	439	304
>H10MO.B ATF2
26	0	1	90	1	0	5	28	71
22	0	2	0	69	3	8	47	8
33	0	85	0	7	83	3	7	6
9	90	2	0	13	4	74	8	5
>Compbio1 TAF1
8	100	81	31	94	0	0	4	4	6                                                                                                                     
63	0	4	17	6	0	0	0	96	6                                                                                                                     
15	0	4	44	0	0	100	96	0	58                                                                                                                     
15	0	10	8	0	100	0	0	0	29 
